10, 0.000000
20, 0.000008
30, 0.000035
40, 0.000066
50, 0.000090
60, 0.000068
70, 0.000060
80, 0.000000
90, 0.000045
100, 0.000330
110, 0.000399
120, 0.000471
130, 0.000484
140, 0.000305
150, 0.000000
160, 0.000152
170, 0.000840
180, 0.000942
190, 0.001058
200, 0.001031
210, 0.001190
220, 0.001269
230, 0.001337
240, 0.000805
250, 0.001669
260, 0.001977
270, 0.002054
280, 0.002455
290, 0.000683
300, 0.002478
310, 0.003030
320, 0.002747
330, 0.002824
340, 0.001533
350, 0.003034
360, 0.003503
370, 0.003490
380, 0.003967
390, 0.004197
400, 0.004006
410, 0.004659
420, 0.004449
430, 0.005308
440, 0.004786
450, 0.005270
460, 0.005342
470, 0.005477
480, 0.006072
490, 0.006035
500, 0.005185
510, 0.004862
520, 0.006759
530, 0.007493
540, 0.007493
550, 0.005608
560, 0.007678
570, 0.008311
580, 0.008439
590, 0.006545
600, 0.007978
610, 0.008646
620, 0.009431
630, 0.009646
640, 0.009928
650, 0.009966
660, 0.010491
670, 0.010832
680, 0.008685
690, 0.011505
700, 0.011584
710, 0.011672
720, 0.012275
730, 0.012982
740, 0.010619
750, 0.013216
760, 0.013576
770, 0.013686
780, 0.014068
790, 0.014374
800, 0.015063
810, 0.015684
820, 0.013458
830, 0.016327
840, 0.016738
850, 0.017774
860, 0.018352
870, 0.015422
880, 0.017843
890, 0.017755
900, 0.018601
910, 0.019445
920, 0.019179
930, 0.020491
940, 0.020068
950, 0.020923
960, 0.020786
970, 0.019156
980, 0.022309
990, 0.023016
1000, 0.020385
1010, 0.020670
1020, 0.023404
1030, 0.024970
1040, 0.024855
1050, 0.025558
1060, 0.025947
1070, 0.025588
1080, 0.026040
1090, 0.027205
1100, 0.026995
1110, 0.025187
1120, 0.028139
1130, 0.029034
1140, 0.030014
1150, 0.027494
1160, 0.032175
1170, 0.032208
1180, 0.032023
1190, 0.030698
1200, 0.033401
1210, 0.033513
1220, 0.034959
1230, 0.035307
1240, 0.034636
1250, 0.037188
1260, 0.035768
1270, 0.034245
1280, 0.037519
1290, 0.039297
1300, 0.039147
1310, 0.037868
1320, 0.038622
1330, 0.039628
1340, 0.039696
1350, 0.039984
1360, 0.041281
1370, 0.042600
1380, 0.040693
1390, 0.043241
1400, 0.044307
1410, 0.044233
1420, 0.050697
1430, 0.049273
1440, 0.048958
1450, 0.050756
1460, 0.049425
1470, 0.049484
1480, 0.049399
1490, 0.050915
1500, 0.049003
1510, 0.049791
1520, 0.053076
1530, 0.052481
1540, 0.056060
1550, 0.063281
1560, 0.060051
1570, 0.064881
1580, 0.068063
1590, 0.066631
1600, 0.061403
1610, 0.058174
1620, 0.059511
1630, 0.061043
1640, 0.060555
1650, 0.064288
1660, 0.062527
1670, 0.064227
1680, 0.065461
1690, 0.065582
1700, 0.066429
1710, 0.062857
1720, 0.069122
1730, 0.068045
1740, 0.068295
1750, 0.067043
1760, 0.068240
1770, 0.066747
1780, 0.070584
1790, 0.070999
1800, 0.070457
1810, 0.073112
1820, 0.072091
1830, 0.076198
1840, 0.075404
1850, 0.077179
1860, 0.076597
1870, 0.080361
1880, 0.082181
1890, 0.081993
1900, 0.083837
1910, 0.084770
1920, 0.085938
1930, 0.086916
1940, 0.085534
1950, 0.089317
1960, 0.089819
1970, 0.090211
1980, 0.089010
1990, 0.093259
2000, 0.093562
2010, 0.094138
2020, 0.094723
2030, 0.095962
2040, 0.096811
2050, 0.098732
2060, 0.099702
2070, 0.101016
2080, 0.102060
2090, 0.102449
2100, 0.103627
2110, 0.104090
2120, 0.106542
2130, 0.106286
2140, 0.108051
2150, 0.106835
2160, 0.109737
2170, 0.111169
2180, 0.111148
2190, 0.114521
2200, 0.113674
2210, 0.114283
2220, 0.113116
2230, 0.117150
2240, 0.116433
2250, 0.119354
2260, 0.120703
2270, 0.122077
2280, 0.128538
2290, 0.125062
2300, 0.124160
2310, 0.126019
2320, 0.132188
2330, 0.129037
2340, 0.131082
2350, 0.130827
2360, 0.132676
2370, 0.126820
2380, 0.134493
2390, 0.135112
2400, 0.135116
2410, 0.137957
2420, 0.140175
2430, 0.140024
2440, 0.140732
2450, 0.141854
2460, 0.143043
2470, 0.144287
2480, 0.145558
2490, 0.145849
2500, 0.147937
2510, 0.148737
2520, 0.146435
2530, 0.152785
2540, 0.149735
2550, 0.155526
2560, 0.156018
2570, 0.158258
2580, 0.159275
2590, 0.160179
2600, 0.162311
2610, 0.162850
2620, 0.163543
2630, 0.163371
2640, 0.166048
2650, 0.167707
2660, 0.169861
2670, 0.170954
2680, 0.170263
2690, 0.172061
2700, 0.174256
2710, 0.175242
2720, 0.175767
2730, 0.177131
2740, 0.179463
2750, 0.181141
2760, 0.180331
2770, 0.181983
2780, 0.185763
2790, 0.187503
2800, 0.188951
2810, 0.190259
2820, 0.190558
2830, 0.192556
2840, 0.195851
2850, 0.195353
2860, 0.197370
2870, 0.198025
2880, 0.199168
2890, 0.202146
2900, 0.203193
2910, 0.204103
2920, 0.207353
2930, 0.208149
2940, 0.211184
2950, 0.211615
2960, 0.209967
2970, 0.214043
2980, 0.216604
2990, 0.216304
3000, 0.218755
3010, 0.219524
3020, 0.223141
3030, 0.223297
3040, 0.224574
3050, 0.222693
3060, 0.229201
3070, 0.230021
3080, 0.232586
3090, 0.233936
3100, 0.235601
3110, 0.236685
3120, 0.240070
3130, 0.240176
3140, 0.241033
3150, 0.242646
3160, 0.244040
3170, 0.248173
3180, 0.247337
3190, 0.251271
3200, 0.251126
3210, 0.252628
3220, 0.254300
3230, 0.254492
3240, 0.259665
3250, 0.260632
3260, 0.261097
3270, 0.262216
3280, 0.264329
3290, 0.264963
3300, 0.266568
3310, 0.267525
3320, 0.274783
3330, 0.279543
3340, 0.276551
3350, 0.277983
3360, 0.279525
3370, 0.280613
3380, 0.284447
3390, 0.284927
3400, 0.286034
3410, 0.288470
3420, 0.289902
3430, 0.291912
3440, 0.292719
3450, 0.294488
3460, 0.297716
3470, 0.299967
3480, 0.300676
3490, 0.301970
3500, 0.303602
3510, 0.306197
3520, 0.320655
3530, 0.311408
3540, 0.313079
3550, 0.314119
3560, 0.317621
3570, 0.318846
3580, 0.319725
3590, 0.323269
3600, 0.323406
3610, 0.323889
3620, 0.328567
3630, 0.329361
3640, 0.329939
3650, 0.333627
3660, 0.334498
3670, 0.335909
3680, 0.338501
3690, 0.340730
3700, 0.344036
3710, 0.346142
3720, 0.348480
3730, 0.353736
3740, 0.353075
3750, 0.354839
3760, 0.355620
3770, 0.355935
3780, 0.356436
3790, 0.359189
3800, 0.364601
3810, 0.366335
3820, 0.369606
3830, 0.368824
3840, 0.369832
3850, 0.376770
3860, 0.376297
3870, 0.380285
3880, 0.380859
3890, 0.383144
3900, 0.384839
3910, 0.389494
3920, 0.385374
3930, 0.393069
3940, 0.394255
3950, 0.399909
3960, 0.401497
3970, 0.403555
3980, 0.404620
3990, 0.406141
4000, 0.404421
4010, 0.412806
4020, 0.409048
4030, 0.416459
4040, 0.417973
4050, 0.421231
4060, 0.419736
4070, 0.419570
4080, 0.427746
4090, 0.429497
4100, 0.430450
4110, 0.433206
4120, 0.434394
4130, 0.438263
4140, 0.439438
4150, 0.442499
4160, 0.442291
4170, 0.446053
4180, 0.448837
4190, 0.451564
4200, 0.459502
4210, 0.457931
4220, 0.459251
4230, 0.460675
4240, 0.473716
4250, 0.469735
4260, 0.469875
4270, 0.471289
4280, 0.473491
4290, 0.475233
4300, 0.478981
4310, 0.482099
4320, 0.485284
4330, 0.504221
4340, 0.487559
4350, 0.493438
4360, 0.492582
4370, 0.494264
4380, 0.506705
4390, 0.502903
4400, 0.502564
4410, 0.506399
4420, 0.510642
4430, 0.512902
4440, 0.513224
4450, 0.515495
4460, 0.519709
4470, 0.524039
4480, 0.525817
4490, 0.528088
4500, 0.529597
4510, 0.532469
4520, 0.533558
4530, 0.535031
4540, 0.538423
4550, 0.542264
4560, 0.548016
4570, 0.550602
4580, 0.550162
4590, 0.555247
4600, 0.554602
4610, 0.571682
4620, 0.561440
4630, 0.562326
4640, 0.567977
4650, 0.567776
4660, 0.569668
4670, 0.574651
4680, 0.605403
4690, 0.585311
4700, 0.580290
4710, 0.582025
4720, 0.588358
4730, 0.610298
4740, 0.591842
4750, 0.595253
4760, 0.598757
4770, 0.595925
4780, 0.602859
4790, 0.605542
4800, 0.611624
4810, 0.616023
4820, 0.638128
4830, 0.646179
4840, 0.620737
4850, 0.627323
4860, 0.628080
4870, 0.626380
4880, 0.634005
4890, 0.638047
4900, 0.643511
4910, 0.643207
4920, 0.647327
4930, 0.644733
4940, 0.652571
4950, 0.657284
4960, 0.660886
4970, 0.659762
4980, 0.665573
4990, 0.667118
5000, 0.669552
5010, 0.673526
5020, 0.674901
5030, 0.673892
5040, 0.681311
5050, 0.690330
5060, 0.690506
5070, 0.689329
5080, 0.694806
5090, 0.710542
5100, 0.699943
5110, 0.703304
5120, 0.706438
5130, 0.712858
5140, 0.713786
5150, 0.725960
5160, 0.718655
5170, 0.720720
5180, 0.726200
5190, 0.727503
5200, 0.732275
5210, 0.761101
5220, 0.733278
5230, 0.743042
5240, 0.739933
5250, 0.747315
5260, 0.770117
5270, 0.757853
5280, 0.755892
5290, 0.784799
5300, 0.765275
5310, 0.762958
5320, 0.768064
5330, 0.771256
5340, 0.770438
5350, 0.779155
5360, 0.782660
5370, 0.782185
5380, 0.790769
5390, 0.793569
5400, 0.793893
5410, 0.801645
5420, 0.801587
5430, 0.809019
5440, 0.808562
5450, 0.809081
5460, 0.811440
5470, 0.813789
5480, 0.820231
5490, 0.828894
5500, 0.835105
5510, 0.823936
5520, 0.833607
5530, 0.836234
5540, 0.838741
5550, 0.843691
5560, 0.846704
5570, 0.848949
5580, 0.849174
5590, 0.858028
5600, 0.861731
5610, 0.854922
5620, 0.867016
5630, 0.869516
5640, 0.874620
5650, 0.876568
5660, 0.875659
5670, 0.884738
5680, 0.885819
5690, 0.889280
5700, 0.898229
5710, 0.900287
5720, 0.900083
5730, 0.908102
5740, 0.908485
5750, 0.914543
5760, 0.914938
5770, 0.920218
5780, 0.922301
5790, 0.928756
5800, 0.930107
5810, 0.934090
5820, 0.941092
5830, 0.940697
5840, 0.945060
5850, 0.946614
5860, 0.955715
5870, 0.953302
5880, 0.956686
5890, 0.960538
5900, 0.968765
5910, 0.971919
5920, 0.971874
5930, 0.973246
5940, 0.979792
5950, 0.983760
5960, 0.988792
5970, 0.994754
5980, 0.999202
5990, 1.000540
6000, 1.007335
6010, 1.002671
6020, 1.005910
6030, 1.011626
6040, 1.015973
6050, 1.020595
6060, 1.024854
6070, 1.026926
6080, 1.032230
6090, 1.033970
6100, 1.033684
6110, 1.044141
6120, 1.046893
6130, 1.056520
6140, 1.057110
6150, 1.057288
6160, 1.062424
6170, 1.065712
6180, 1.070810
6190, 1.071536
6200, 1.078447
6210, 1.077992
6220, 1.084483
6230, 1.087123
6240, 1.091274
6250, 1.094834
6260, 1.102032
6270, 1.102101
6280, 1.107872
6290, 1.116744
6300, 1.119927
6310, 1.119648
6320, 1.121129
6330, 1.126772
6340, 1.132206
6350, 1.141376
6360, 1.139175
6370, 1.138384
6380, 1.148003
6390, 1.151256
6400, 1.154857
6410, 1.157177
6420, 1.162008
6430, 1.167781
6440, 1.169303
6450, 1.176018
6460, 1.180270
6470, 1.179374
6480, 1.185231
6490, 1.191809
6500, 1.199050
6510, 1.219064
6520, 1.220863
6530, 1.225081
6540, 1.230530
6550, 1.231160
6560, 1.238845
6570, 1.236267
6580, 1.231881
6590, 1.231480
6600, 1.237420
6610, 1.244009
6620, 1.250495
6630, 1.257299
6640, 1.258051
6650, 1.257986
6660, 1.263725
6670, 1.266093
6680, 1.272741
6690, 1.276958
6700, 1.277784
6710, 1.283573
6720, 1.288202
6730, 1.293087
6740, 1.289795
6750, 1.303196
6760, 1.304847
6770, 1.309362
6780, 1.314377
6790, 1.312596
6800, 1.319541
6810, 1.322336
6820, 1.328278
6830, 1.330852
6840, 1.339564
6850, 1.346252
6860, 1.346693
6870, 1.348458
6880, 1.351796
6890, 1.357182
6900, 1.366064
6910, 1.367699
6920, 1.372106
6930, 1.377100
6940, 1.383119
6950, 1.380315
6960, 1.386840
6970, 1.395213
6980, 1.399971
6990, 1.398689
7000, 1.406822
7010, 1.414345
7020, 1.414865
7030, 1.415518
7040, 1.423262
7050, 1.426172
7060, 1.433296
7070, 1.437133
7080, 1.446915
7090, 1.442336
7100, 1.449142
7110, 1.450774
7120, 1.456628
7130, 1.469794
7140, 1.462632
7150, 1.475397
7160, 1.475446
7170, 1.479706
7180, 1.490662
7190, 1.492769
7200, 1.497196
7210, 1.500614
7220, 1.510653
7230, 1.501343
7240, 1.518543
7250, 1.522001
7260, 1.525515
7270, 1.532245
7280, 1.537144
7290, 1.537411
7300, 1.546455
7310, 1.575019
7320, 1.587252
7330, 1.400794
7340, 1.412257
7350, 1.414627
7360, 1.422769
7370, 1.436006
7380, 1.442982
7390, 1.448418
7400, 1.453434
7410, 1.454987
7420, 1.474127
7430, 1.472704
7440, 1.475079
7450, 1.479889
7460, 1.493668
7470, 1.489615
7480, 1.500130
7490, 1.497791
7500, 1.505743
7510, 1.517658
7520, 1.524250
7530, 1.522313
7540, 1.532959
7550, 1.533862
7560, 1.545773
7570, 1.546865
7580, 1.552154
7590, 1.553721
7600, 1.552579
7610, 1.578671
7620, 1.578607
7630, 1.579476
7640, 1.585652
7650, 1.584437
7660, 1.593187
7670, 1.592286
7680, 1.609930
7690, 1.602942
7700, 1.609690
7710, 1.610430
7720, 1.619109
7730, 1.628763
7740, 1.632471
7750, 1.640859
7760, 1.642625
7770, 1.654359
7780, 1.646261
7790, 1.647939
7800, 1.658766
7810, 1.660443
7820, 1.668557
7830, 1.680214
7840, 1.678831
7850, 1.684218
7860, 1.691273
7870, 1.688564
7880, 1.695669
7890, 1.704123
7900, 1.705597
7910, 1.707325
7920, 1.713393
7930, 1.718910
7940, 1.728116
7950, 1.733838
7960, 1.732620
7970, 1.743484
7980, 1.746764
7990, 1.751375
8000, 1.759251
8010, 1.760700
8020, 1.767543
8030, 1.769949
8040, 1.770563
8050, 1.784220
8060, 1.780135
8070, 1.788909
8080, 1.794549
8090, 1.797357
8100, 1.809815
8110, 1.810491
8120, 1.814666
8130, 1.815395
8140, 1.822280
8150, 1.833236
8160, 1.842233
8170, 1.841845
8180, 1.836993
8190, 1.845391
8200, 1.871439
8210, 1.877904
8220, 1.882932
8230, 1.891931
8240, 1.879062
8250, 1.887005
8260, 1.894527
8270, 1.896489
8280, 1.906465
8290, 1.898902
8300, 1.919958
8310, 1.913767
8320, 1.911045
8330, 1.924910
8340, 1.930157
8350, 1.937686
8360, 1.943358
8370, 1.947620
8380, 1.954649
8390, 1.957092
8400, 1.966419
8410, 1.967643
8420, 1.973035
8430, 1.974107
8440, 1.981274
8450, 1.987599
8460, 1.985003
8470, 1.995144
8480, 1.995494
8490, 1.999918
8500, 2.006815
8510, 2.012421
8520, 2.007242
8530, 2.018448
8540, 2.025146
8550, 2.042551
8560, 2.047685
8570, 2.051819
8580, 2.047796
8590, 2.066065
8600, 2.067128
8610, 2.079160
8620, 2.090543
8630, 2.084779
8640, 2.090513
8650, 2.106624
8660, 2.107903
8670, 2.112546
8680, 2.120788
8690, 2.119922
8700, 2.134669
8710, 2.139156
8720, 2.145416
8730, 2.155604
8740, 2.155678
8750, 2.162221
8760, 2.165229
8770, 2.165411
8780, 2.175211
8790, 2.176348
8800, 2.186952
8810, 2.200602
8820, 2.201268
8830, 2.213644
8840, 2.217085
8850, 2.229099
8860, 2.239556
8870, 2.231817
8880, 2.236878
8890, 2.247238
8900, 2.252010
8910, 2.258063
8920, 2.259591
8930, 2.264441
8940, 2.274372
8950, 2.276289
8960, 2.291344
8970, 2.294322
8980, 2.297586
8990, 2.301436
9000, 2.306647
9010, 2.313636
9020, 2.322552
9030, 2.328121
9040, 2.333180
9050, 2.350882
9060, 2.342948
9070, 2.352388
9080, 2.362550
9090, 2.389324
9100, 2.376203
9110, 2.382870
9120, 2.394321
9130, 2.389799
9140, 2.402047
9150, 2.404792
9160, 2.413355
9170, 2.410724
9180, 2.419205
9190, 2.425484
9200, 2.437115
9210, 2.432587
9220, 2.441302
9230, 2.452049
9240, 2.459656
9250, 2.454612
9260, 2.477708
9270, 2.474704
9280, 2.483959
9290, 2.485709
9300, 2.489701
9310, 2.495410
9320, 2.495496
9330, 2.505101
9340, 2.510062
9350, 2.524134
9360, 2.527067
9370, 2.549379
9380, 2.558403
9390, 2.565621
9400, 2.573905
9410, 2.570715
9420, 2.568345
9430, 2.570620
9440, 2.581936
9450, 2.585776
9460, 2.586673
9470, 2.593274
9480, 2.606510
9490, 2.619715
9500, 2.621399
9510, 2.620383
9520, 2.632473
9530, 2.629156
9540, 2.632738
9550, 2.644160
9560, 2.643405
9570, 2.648960
9580, 2.656489
9590, 2.666234
9600, 2.663981
9610, 2.674314
9620, 2.685769
9630, 2.685651
9640, 2.684808
9650, 2.699495
9660, 2.698841
9670, 2.722225
9680, 2.729191
9690, 2.727660
9700, 2.730355
9710, 2.736814
9720, 2.748202
9730, 2.755567
9740, 2.754691
9750, 2.760891
9760, 2.764963
9770, 2.771417
9780, 2.776600
9790, 2.790205
9800, 2.793229
9810, 2.795965
9820, 2.805233
9830, 2.813701
9840, 2.818169
9850, 2.827044
9860, 2.841016
9870, 2.844120
9880, 2.843694
9890, 2.843979
9900, 2.847129
9910, 2.859490
9920, 2.856878
9930, 2.875819
9940, 2.883928
9950, 2.890478
9960, 2.889906
9970, 2.899427
9980, 2.896122
9990, 2.908088
10000, 2.918754
10010, 2.919453
10020, 2.925378
10030, 2.953500
10040, 2.946715
10050, 2.958884
10060, 2.961664
10070, 2.965229
10080, 2.964522
10090, 2.965200
10100, 2.978942
10110, 2.988391
10120, 2.991793
10130, 2.992092
10140, 3.002501
10150, 3.019663
10160, 3.000462
10170, 3.024651
10180, 3.031236
10190, 3.036517
10200, 3.060216
10210, 3.053494
10220, 3.066636
10230, 3.066188
10240, 3.071679
10250, 3.075335
10260, 3.083507
10270, 3.091720
10280, 3.087675
10290, 3.098123
10300, 3.103099
10310, 3.113459
10320, 3.118649
10330, 3.135723
10340, 3.131303
10350, 3.149177
10360, 3.173446
10370, 3.167280
10380, 3.166079
10390, 3.166352
10400, 3.175603
10410, 3.182365
10420, 3.183612
10430, 3.194477
10440, 3.556611
10450, 3.552969
10460, 3.526649
10470, 3.514103
10480, 3.518513
10490, 3.521382
10500, 3.514939
10510, 3.589186
10520, 3.538116
10530, 3.529312
10540, 3.543314
10550, 3.541182
10560, 3.547828
10570, 3.545601
10580, 3.554044
10590, 3.550944
10600, 3.560549
10610, 3.552749
10620, 3.571279
10630, 3.555433
10640, 3.570982
10650, 3.598194
10660, 3.600268
10670, 3.590218
10680, 3.605770
10690, 3.603958
10700, 3.619402
10710, 3.619947
10720, 3.622021
10730, 3.619388
10740, 3.634174
10750, 3.639927
10760, 3.642771
10770, 3.663811
10780, 3.659426
10790, 3.718505
10800, 3.694878
10810, 3.689967
10820, 3.676484
10830, 3.713281
10840, 3.697375
10850, 3.702130
10860, 3.717636
10870, 3.710722
10880, 3.722949
10890, 3.732366
10900, 3.742174
10910, 3.755375
10920, 3.758446
10930, 3.787962
10940, 3.768999
10950, 3.779404
10960, 3.787942
10970, 3.800167
10980, 3.794232
10990, 3.803068
11000, 3.809959
11010, 3.828096
11020, 3.816917
11030, 3.835263
11040, 3.829748
11050, 3.849753
11060, 3.914391
11070, 3.886984
11080, 3.881039
11090, 3.895439
11100, 3.894067
11110, 3.896962
11120, 3.957971
11130, 3.932626
11140, 3.939153
11150, 3.932803
11160, 3.934549
11170, 3.936229
11180, 3.941583
11190, 3.970192
11200, 3.969084
11210, 3.970910
11220, 3.985596
11230, 3.979592
11240, 3.978133
11250, 3.996556
11260, 4.014818
11270, 4.024354
11280, 4.010652
11290, 4.018357
11300, 4.052519
11310, 4.040296
11320, 4.081036
11330, 4.053276
11340, 4.078819
11350, 4.070655
11360, 4.074334
11370, 4.098162
11380, 4.093302
11390, 4.089206
11400, 4.092987
11410, 4.104073
11420, 3.697805
11430, 3.737898
11440, 3.779259
11450, 3.812474
11460, 3.813518
11470, 3.832738
11480, 3.840293
11490, 3.859956
11500, 3.880567
11510, 3.878805
11520, 3.888590
11530, 3.898673
11540, 3.909547
11550, 3.943903
11560, 3.989589
11570, 4.035353
11580, 3.985850
11590, 3.979731
11600, 3.987256
11610, 4.000420
11620, 3.987088
11630, 4.010216
11640, 4.008873
11650, 4.026524
11660, 4.027584
11670, 4.035156
11680, 4.037525
11690, 4.048513
11700, 4.064306
11710, 4.060491
11720, 4.090205
11730, 4.097997
11740, 4.085209
11750, 4.107183
11760, 4.117523
11770, 4.105476
11780, 4.127217
11790, 4.125675
11800, 4.142355
11810, 4.138953
11820, 4.153492
11830, 4.161854
11840, 4.177300
11850, 4.178046
11860, 4.175194
11870, 4.192460
11880, 4.194524
11890, 4.206762
11900, 4.227769
11910, 4.223824
11920, 4.231754
11930, 4.260128
11940, 4.258720
11950, 4.268662
11960, 4.270826
11970, 4.290328
11980, 4.291591
11990, 4.282872
12000, 4.319497
12010, 4.312721
12020, 4.326577
12030, 4.326689
12040, 4.340317
12050, 4.334081
12060, 4.346361
12070, 4.360693
12080, 4.360049
12090, 4.362228
12100, 4.375316
12110, 4.375107
12120, 4.401059
12130, 4.405720
12140, 4.413572
12150, 4.424709
12160, 4.414332
12170, 4.436789
12180, 4.450627
12190, 4.489759
12200, 4.478701
12210, 4.470573
12220, 4.486472
12230, 4.470175
12240, 4.488833
12250, 4.498633
12260, 4.503380
12270, 4.526056
12280, 4.512937
12290, 4.530941
12300, 4.529832
12310, 4.539279
12320, 4.538746
12330, 4.548358
12340, 4.551005
12350, 4.565639
12360, 4.554787
12370, 4.569774
12380, 4.595461
12390, 4.599208
12400, 4.632352
12410, 4.623367
12420, 4.621979
12430, 4.639778
12440, 4.630595
12450, 4.631438
12460, 4.650722
12470, 4.659699
12480, 4.663016
12490, 4.664574
12500, 4.680177
12510, 4.727128
12520, 4.706844
12530, 4.706678
12540, 4.729362
12550, 4.745029
12560, 4.732950
12570, 4.732529
12580, 4.751164
12590, 4.756292
12600, 4.763571
12610, 4.770781
12620, 4.797769
12630, 4.790374
12640, 4.795979
12650, 4.817403
12660, 4.813794
12670, 4.822628
12680, 4.837899
12690, 4.840501
12700, 4.843603
12710, 4.853674
12720, 4.887481
12730, 4.918028
12740, 4.895557
12750, 4.892344
12760, 4.905868
12770, 4.907615
12780, 4.904638
12790, 4.931542
12800, 4.929234
12810, 4.929999
12820, 4.941921
12830, 4.956495
12840, 4.969775
12850, 4.973184
12860, 4.977209
12870, 5.004003
12880, 4.998179
12890, 5.000197
12900, 5.030031
12910, 5.012856
12920, 5.021987
12930, 5.045959
12940, 5.033069
12950, 5.057196
12960, 5.062909
12970, 5.067569
12980, 5.083294
12990, 5.080582
13000, 5.085962
13010, 5.099393
13020, 5.100384
13030, 5.137512
13040, 5.123620
13050, 5.130420
13060, 5.126995
13070, 5.141213
13080, 5.149413
13090, 5.157443
13100, 5.179588
13110, 5.182276
13120, 5.187761
13130, 5.190450
13140, 5.214149
13150, 5.236697
13160, 5.229378
13170, 5.225788
13180, 5.240414
13190, 5.245550
13200, 5.244029
13210, 5.262965
13220, 5.281706
13230, 5.294670
13240, 5.298186
13250, 5.304628
13260, 5.315258
13270, 5.328455
13280, 5.323342
13290, 5.338709
13300, 5.353175
13310, 5.350052
13320, 5.431501
13330, 5.401820
13340, 5.393245
13350, 5.401940
13360, 5.404035
13370, 5.406553
13380, 5.408643
13390, 5.414124
13400, 5.432706
13410, 5.422063
13420, 5.445125
13430, 5.447548
13440, 5.443559
13450, 5.471811
13460, 5.446456
13470, 5.474488
13480, 5.487940
13490, 5.474560
13500, 5.512389
13510, 5.528986
13520, 5.512358
13530, 5.542724
13540, 5.533764
13550, 5.548579
13560, 5.564250
13570, 5.582933
13580, 5.559625
13590, 5.573442
13600, 5.603440
13610, 5.605585
13620, 5.622567
13630, 5.604214
13640, 5.636177
13650, 5.625450
13660, 5.642398
13670, 5.645034
13680, 5.661843
13690, 5.662488
13700, 5.850748
13710, 5.858338
13720, 5.927296
13730, 6.346960
13740, 6.348619
13750, 6.285029
13760, 6.248942
13770, 6.241354
13780, 6.240242
13790, 6.235308
13800, 6.240880
13810, 6.222766
13820, 6.225401
13830, 6.232991
13840, 6.234083
13850, 6.259365
13860, 6.257980
13870, 6.261987
13880, 6.250839
13890, 6.262729
13900, 6.290171
13910, 6.292702
13920, 6.311326
13930, 6.297800
13940, 6.324760
13950, 6.326877
13960, 6.344972
13970, 6.334939
13980, 6.350027
13990, 6.413752
14000, 6.373423
14010, 6.390632
14020, 6.394329
14030, 6.393659
14040, 6.398790
14050, 6.417508
14060, 6.439656
14070, 6.441305
14080, 6.443029
14090, 6.467430
14100, 6.468670
14110, 6.471589
14120, 6.489846
14130, 6.511660
14140, 6.528402
14150, 6.559045
14160, 6.619729
14170, 6.581420
14180, 6.572861
14190, 6.560587
14200, 6.586299
14210, 6.647252
14220, 6.626103
14230, 6.678423
14240, 6.723261
14250, 6.654553
14260, 6.654165
14270, 6.648712
14280, 6.660581
14290, 6.661215
14300, 6.660043
14310, 6.678718
14320, 6.697022
14330, 6.676609
14340, 6.688114
14350, 6.698678
14360, 6.699614
14370, 6.705671
14380, 6.723695
14390, 6.715784
14400, 6.744984
14410, 6.734785
14420, 6.733761
14430, 6.747578
14440, 6.752545
14450, 6.758946
14460, 6.766960
14470, 6.792263
14480, 6.782437
14490, 6.792772
14500, 6.812922
14510, 6.828528
14520, 6.809550
14530, 6.827538
14540, 6.875147
14550, 6.872906
14560, 6.888987
14570, 6.888079
14580, 6.912398
14590, 6.916204
14600, 6.911897
14610, 6.931413
14620, 6.997269
14630, 7.012932
14640, 6.977915
14650, 6.965817
14660, 6.972788
14670, 6.970128
14680, 6.992849
14690, 7.051313
14700, 7.049842
14710, 7.048480
14720, 7.040142
14730, 7.056741
14740, 7.056537
14750, 7.056314
14760, 7.119260
14770, 7.114698
14780, 7.110377
14790, 7.098026
14800, 7.207180
14810, 7.244234
14820, 7.229499
14830, 7.196845
14840, 7.193110
14850, 7.171317
14860, 7.188426
14870, 7.192212
14880, 7.209094
14890, 7.190801
14900, 7.199875
14910, 7.215752
14920, 7.223307
14930, 7.236160
14940, 7.265739
14950, 7.256068
14960, 7.259075
14970, 7.285661
14980, 7.309288
14990, 7.300321
15000, 7.298669
15010, 7.309909
15020, 7.337946
15030, 7.349588
15040, 7.357654
15050, 7.352700
15060, 7.383739
15070, 7.386511
15080, 7.378414
15090, 7.398343
15100, 7.412608
15110, 7.433540
15120, 7.455306
15130, 7.463640
15140, 7.459403
15150, 7.460495
15160, 7.532436
15170, 7.577351
15180, 7.583755
15190, 7.562365
15200, 7.666242
15210, 7.654094
15220, 7.651374
15230, 7.588844
15240, 7.585417
15250, 7.606610
15260, 7.587010
15270, 7.595963
15280, 7.610963
15290, 7.594568
15300, 7.615179
15310, 7.621990
15320, 7.626248
15330, 7.623207
15340, 7.647923
15350, 7.661935
15360, 7.666830
15370, 7.680593
15380, 7.717983
15390, 7.703541
15400, 7.710540
15410, 7.735716
15420, 7.729594
15430, 7.745577
15440, 7.767801
15450, 7.777899
15460, 7.789707
15470, 7.818334
15480, 7.820219
15490, 7.806345
15500, 7.828813
15510, 7.836122
15520, 7.853952
15530, 7.853080
15540, 7.932635
15550, 7.952161
15560, 7.917286
15570, 7.890788
15580, 7.957732
15590, 7.949682
15600, 7.935891
15610, 7.948101
15620, 7.963854
15630, 7.960839
15640, 8.015168
15650, 7.998111
15660, 8.009259
15670, 8.024640
15680, 8.033747
15690, 8.035251
15700, 8.046653
15710, 8.115376
15720, 8.094323
15730, 8.106429
15740, 8.083965
15750, 8.097096
15760, 8.090819
15770, 8.154630
15780, 8.130035
15790, 8.126218
15800, 8.140113
15810, 8.174880
15820, 8.151000
15830, 8.226161
15840, 8.197969
15850, 8.192304
15860, 8.197636
15870, 8.233985
15880, 8.205562
15890, 8.288840
15900, 8.304655
15910, 8.271687
15920, 8.282392
15930, 8.312330
15940, 8.296805
15950, 8.291577
15960, 8.328628
15970, 8.349945
15980, 8.478954
15990, 8.386059
16000, 8.371832
16010, 8.366054
16020, 8.386430
16030, 8.405847
16040, 8.416586
16050, 8.415344
16060, 8.442564
16070, 8.463639
16080, 8.462244
16090, 8.459240
16100, 8.478852
16110, 8.490982
16120, 8.493745
16130, 8.500973
16140, 8.507630
16150, 8.507864
16160, 8.513357
16170, 8.560092
16180, 8.581159
16190, 8.586830
16200, 8.584394
16210, 8.607686
16220, 8.606900
16230, 8.628348
16240, 8.643432
16250, 8.649865
16260, 8.668713
16270, 8.654179
16280, 8.686279
16290, 8.808426
16300, 8.697203
16310, 8.750842
16320, 8.740802
16330, 8.717958
16340, 8.736352
16350, 8.740067
16360, 8.728859
16370, 8.796358
16380, 8.802346
16390, 8.808326
16400, 8.806540
16410, 8.816238
16420, 8.808723
16430, 8.902160
16440, 8.880859
16450, 8.863986
16460, 8.854632
16470, 8.862436
16480, 8.899464
16490, 8.920916
16500, 8.921085
16510, 8.935126
16520, 8.919111
16530, 8.995520
16540, 9.142049
16550, 9.057003
16560, 8.992436
16570, 8.998981
16580, 9.019241
16590, 9.003940
16600, 9.041877
16610, 9.062831
16620, 9.043585
16630, 9.044240
16640, 9.061685
16650, 9.067641
16660, 9.119856
16670, 9.123047
16680, 9.152716
16690, 9.147423
16700, 9.187593
16710, 9.169342
16720, 9.154430
16730, 9.184928
16740, 9.193990
16750, 9.182597
16760, 9.212590
16770, 9.221516
16780, 9.268974
16790, 9.257218
16800, 9.296524
16810, 9.272638
16820, 9.354804
16830, 9.394010
16840, 9.342308
16850, 9.309830
16860, 9.308557
16870, 9.337693
16880, 9.372427
16890, 9.377464
16900, 9.366150
16910, 9.374191
16920, 9.385560
16930, 9.419358
16940, 9.453260
16950, 9.416394
16960, 9.415491
16970, 9.453628
16980, 9.439028
16990, 9.526888
17000, 9.492342
17010, 9.481391
17020, 9.502528
17030, 9.660120
17040, 9.634757
17050, 9.567284
17060, 9.587841
17070, 9.589349
17080, 9.576675
17090, 9.584390
17100, 9.597040
17110, 9.594169
17120, 9.573780
17130, 9.605811
17140, 9.628041
17150, 9.666675
17160, 9.648761
17170, 9.661201
17180, 8.746384
17190, 8.902709
17200, 8.936815
17210, 8.978702
17220, 9.009869
17230, 9.049584
17240, 9.062523
17250, 9.068471
17260, 9.114701
17270, 9.145382
17280, 9.133689
17290, 9.157821
17300, 9.167715
17310, 9.228139
17320, 9.285339
17330, 9.258975
17340, 9.277448
17350, 9.274889
17360, 9.287152
17370, 9.319142
17380, 9.340121
17390, 9.304944
17400, 9.359413
17410, 9.374761
17420, 9.359420
17430, 9.387656
17440, 9.407486
17450, 9.410345
17460, 9.760418
17470, 9.729268
17480, 9.768408
17490, 9.771406
17500, 9.743192
17510, 9.727894
17520, 9.745627
17530, 9.775271
17540, 9.797768
17550, 9.806221
17560, 9.810087
17570, 9.873113
17580, 9.899688
17590, 9.907154
17600, 9.868469
17610, 9.867640
17620, 9.875726
17630, 9.876189
17640, 9.897645
17650, 9.913448
17660, 9.903711
17670, 9.925188
17680, 9.908412
17690, 9.961330
17700, 9.969447
17710, 10.001378
17720, 9.981132
17730, 9.998870
17740, 10.016239
17750, 10.050337
17760, 10.020238
17770, 10.023418
17780, 10.054894
17790, 10.062770
17800, 10.075186
17810, 10.102976
17820, 10.130057
17830, 10.137576
17840, 10.202170
17850, 10.180461
17860, 10.163845
17870, 10.160720
17880, 10.193377
17890, 10.199736
17900, 10.211236
17910, 10.205379
17920, 10.248235
17930, 10.256573
17940, 10.262514
17950, 10.296846
17960, 11.114993
17970, 10.951963
17980, 10.878484
17990, 10.831664
18000, 10.814272
18010, 10.805368
18020, 10.803295
18030, 10.796971
18040, 10.828104
18050, 10.793577
18060, 10.820655
18070, 10.812304
18080, 10.821528
18090, 10.838726
18100, 10.839427
18110, 10.862317
18120, 10.885221
18130, 10.882099
18140, 10.896470
18150, 10.919905
18160, 10.882432
18170, 10.921454
18180, 10.918422
18190, 10.949436
18200, 11.073028
18210, 11.034166
18220, 10.992521
18230, 11.019253
18240, 10.981695
18250, 11.009905
18260, 11.048369
18270, 11.097070
18280, 11.109027
18290, 11.089818
18300, 11.096089
18310, 11.112361
18320, 11.172031
18330, 11.106146
18340, 11.164058
18350, 11.189860
18360, 11.248181
18370, 11.218690
18380, 11.200071
18390, 11.182069
18400, 11.274579
18410, 11.462311
18420, 11.388443
18430, 11.336650
18440, 11.292039
18450, 11.317736
18460, 11.329266
18470, 11.340653
18480, 11.324534
18490, 11.330496
18500, 11.379851
18510, 11.330209
18520, 11.364652
18530, 11.377578
18540, 11.391087
18550, 11.414130
18560, 11.419048
18570, 11.392055
18580, 11.431039
18590, 11.524676
18600, 11.483555
18610, 11.469424
18620, 11.524786
18630, 11.522460
18640, 11.511069
18650, 10.934514
18660, 10.994136
18670, 11.035686
18680, 11.096885
18690, 11.089876
18700, 11.125948
18710, 11.139111
18720, 11.135178
18730, 11.164953
18740, 11.176584
18750, 11.155817
18760, 11.202530
18770, 11.255360
18780, 11.237402
18790, 11.241208
18800, 11.271473
18810, 11.290495
18820, 11.393043
18830, 11.437564
18840, 11.407665
18850, 11.352463
18860, 11.390002
18870, 11.408731
18880, 11.419202
18890, 11.424334
18900, 11.440450
18910, 11.464491
18920, 11.440588
18930, 11.445424
18940, 11.473900
18950, 11.477314
18960, 11.505138
18970, 11.534486
18980, 11.524040
18990, 11.545535
19000, 11.531120
19010, 11.579118
19020, 11.582076
19030, 11.620027
19040, 11.627439
19050, 11.739927
19060, 11.668420
19070, 11.643264
19080, 11.685296
19090, 11.685422
19100, 11.698672
19110, 11.729033
19120, 11.702593
19130, 11.761684
19140, 11.768551
19150, 11.744448
19160, 11.759019
19170, 11.791546
19180, 11.821477
19190, 11.813250
19200, 11.799267
19210, 11.816371
19220, 11.877695
19230, 11.868448
19240, 11.905193
19250, 11.857139
19260, 11.949941
19270, 11.930071
19280, 11.894993
19290, 11.916617
19300, 12.148201
19310, 12.060776
19320, 12.042193
19330, 12.005330
19340, 12.011539
19350, 12.057650
19360, 12.053212
19370, 12.108393
19380, 12.092941
19390, 12.109840
19400, 12.116272
19410, 12.113208
19420, 12.117982
19430, 12.145026
19440, 12.134600
19450, 12.169500
19460, 12.157884
19470, 12.198006
19480, 12.191926
19490, 12.207342
19500, 12.224893
19510, 12.269360
19520, 12.374047
19530, 12.266873
19540, 12.292216
19550, 12.282291
19560, 12.300497
19570, 12.318993
19580, 12.285221
19590, 12.306434
19600, 12.322987
19610, 12.322383
19620, 12.341555
19630, 12.316858
19640, 12.387819
19650, 12.399454
19660, 12.417906
19670, 12.372723
19680, 12.461001
19690, 12.448720
19700, 12.422694
19710, 12.443614
19720, 12.497220
19730, 12.513881
19740, 12.529260
19750, 12.575991
19760, 12.552812
19770, 12.548169
19780, 12.590906
19790, 12.559987
19800, 12.609794
19810, 12.614482
19820, 12.600801
19830, 12.586761
19840, 12.571578
19850, 12.655767
19860, 12.698749
19870, 12.741527
19880, 12.685804
19890, 12.693969
19900, 12.692223
19910, 12.686129
19920, 12.697504
19930, 12.742440
19940, 12.781796
19950, 12.763256
19960, 12.789976
19970, 12.807024
19980, 12.835510
19990, 12.812470
20000, 12.818294
20010, 12.829110
20020, 12.835376
20030, 12.883082
20040, 12.887465
20050, 12.918605
20060, 12.898317
20070, 13.014644
20080, 14.405444
20090, 15.226232
20100, 15.121658
20110, 13.860292
20120, 16.990224
20130, 14.551047
20140, 13.851742
20150, 13.625166
20160, 13.588076
20170, 13.509579
20180, 13.524527
20190, 13.556821
20200, 14.210929
20210, 14.562562
20220, 13.750977
20230, 13.665533
20240, 13.613335
20250, 13.653423
20260, 13.580423
20270, 13.614455
20280, 13.618461
20290, 13.599996
20300, 13.608770
20310, 13.640943
20320, 13.639988
20330, 13.648443
20340, 13.675769
20350, 13.684103
20360, 13.624722
20370, 13.611023
20380, 13.719750
20390, 13.688978
20400, 13.749741
20410, 13.732879
20420, 13.953879
20430, 14.134628
20440, 13.818245
20450, 13.982241
20460, 14.623258
20470, 14.534121
20480, 14.112204
20490, 13.987815
20500, 13.943444
20510, 13.910479
20520, 13.925280
20530, 13.921654
20540, 13.956753
20550, 13.976444
20560, 13.960105
20570, 13.974810
20580, 13.959222
20590, 14.001020
20600, 14.000607
20610, 14.027617
20620, 14.079908
20630, 14.080200
20640, 14.108899
20650, 14.049876
20660, 14.166001
20670, 13.968340
20680, 13.872089
20690, 13.832666
20700, 13.850103
20710, 13.853522
20720, 13.843587
20730, 13.817501
20740, 13.876322
20750, 13.877637
20760, 13.800336
20770, 13.774915
20780, 13.833506
20790, 13.851053
20800, 13.847557
20810, 13.871645
20820, 13.873882
20830, 13.957311
20840, 13.901539
20850, 13.945392
20860, 13.942192
20870, 13.965053
20880, 13.959633
20890, 14.013906
20900, 13.966013
20910, 14.009387
20920, 14.049201
20930, 14.067581
20940, 14.084754
20950, 14.063574
20960, 14.043824
20970, 14.082983
20980, 14.112847
20990, 14.112719
21000, 14.176366
21010, 14.150221
21020, 14.192595
21030, 14.187441
21040, 14.259540
21050, 14.242490
21060, 14.288775
21070, 14.293769
21080, 14.290401
21090, 14.294575
21100, 14.292764
21110, 14.369098
21120, 14.347295
21130, 14.290325
21140, 14.350841
21150, 13.789522
21160, 13.845208
21170, 13.917528
21180, 13.966496
21190, 13.979793
21200, 13.993275
21210, 13.757606
21220, 13.415072
21230, 13.434230
21240, 13.734359
21250, 14.251219
21260, 14.323118
21270, 14.347481
21280, 14.355213
21290, 14.424728
21300, 14.451876
21310, 14.491407
21320, 14.471043
21330, 14.714256
21340, 14.881478
21350, 14.702927
21360, 15.080450
21370, 15.737778
21380, 16.237372
21390, 16.329178
21400, 16.128365
21410, 15.978501
21420, 15.242410
21430, 15.375663
21440, 15.111756
21450, 14.933157
21460, 15.032936
21470, 15.358214
21480, 15.224730
21490, 15.021115
21500, 14.978266
21510, 15.043474
21520, 14.938681
21530, 14.922352
21540, 14.903330
21550, 14.925793
21560, 15.010735
21570, 15.031691
21580, 15.019459
21590, 15.014925
21600, 15.028695
21610, 15.094902
21620, 15.090941
21630, 15.079923
21640, 15.056495
21650, 15.119772
21660, 15.134959
21670, 15.127965
21680, 15.162285
21690, 15.153569
21700, 15.121822
21710, 15.162955
21720, 15.153231
21730, 15.147604
21740, 15.184011
21750, 15.265972
21760, 15.220988
21770, 15.276981
21780, 15.284274
21790, 15.308896
21800, 15.320286
21810, 15.347896
21820, 15.367306
21830, 15.380371
21840, 15.410222
21850, 15.355966
21860, 15.369307
21870, 15.336272
21880, 15.434952
21890, 15.374729
21900, 15.305819
21910, 15.312628
21920, 15.384860
21930, 15.596064
21940, 15.492606
21950, 15.517690
21960, 15.501534
21970, 15.518262
21980, 15.561719
21990, 15.570795
22000, 15.586751
22010, 15.603910
22020, 15.617917
22030, 15.589152
22040, 15.659857
22050, 15.680877
22060, 15.696748
22070, 15.720103
22080, 15.933205
22090, 15.821301
22100, 15.774765
22110, 15.755257
22120, 15.790376
22130, 15.769734
22140, 16.286996
22150, 16.421768
22160, 16.455696
22170, 16.271524
22180, 16.301784
22190, 16.278771
22200, 16.276320
22210, 16.376576
22220, 16.401308
22230, 16.395514
22240, 16.466590
22250, 16.454029
22260, 16.426893
22270, 16.481886
22280, 16.498536
22290, 16.635831
22300, 16.571394
22310, 16.536249
22320, 16.327817
22330, 16.135188
22340, 16.086434
22350, 16.111620
22360, 16.608068
22370, 16.530116
22380, 16.612533
22390, 16.667787
22400, 16.705186
22410, 16.716851
22420, 16.775504
22430, 16.722536
22440, 16.796507
22450, 16.797921
22460, 16.822279
22470, 16.827559
22480, 16.842303
22490, 16.830098
22500, 16.847384
22510, 16.946237
22520, 16.982378
22530, 16.939453
22540, 16.983257
22550, 17.027486
22560, 17.084624
22570, 17.002988
22580, 17.045944
22590, 17.104372
22600, 17.039483
22610, 17.082924
22620, 17.035740
22630, 17.022850
22640, 16.979422
22650, 17.012289
22660, 17.038929
22670, 17.098882
22680, 17.096288
22690, 17.128507
22700, 17.199069
22710, 17.206379
22720, 17.257018
22730, 17.261958
22740, 17.484714
22750, 17.470076
22760, 17.438575
22770, 17.256285
22780, 17.240415
22790, 17.251767
22800, 17.330818
22810, 17.335180
22820, 17.330588
22830, 17.322021
22840, 17.369316
22850, 17.354794
22860, 17.423137
22870, 17.425477
22880, 17.396158
22890, 17.392762
22900, 17.608921
22910, 17.510804
22920, 18.258098
22930, 17.869362
22940, 17.619022
22950, 17.661124
22960, 17.724027
22970, 17.742308
22980, 17.707707
22990, 17.725123
23000, 17.692480
23010, 17.690156
23020, 17.742503
23030, 17.704756
23040, 17.964965
23050, 18.069457
23060, 17.956071
23070, 17.930674
23080, 17.950941
23090, 17.919518
23100, 17.918054
23110, 17.885082
23120, 17.978779
23130, 18.016778
23140, 17.959122
23150, 17.898453
23160, 17.939318
23170, 18.051507
23180, 18.100207
23190, 18.054354
23200, 18.019573
23210, 18.072716
23220, 18.039204
23230, 18.083426
23240, 18.115324
23250, 18.080339
23260, 18.086337
23270, 18.117800
23280, 18.061120
23290, 18.121772
23300, 18.420022
23310, 19.304230
23320, 19.182065
23330, 19.251291
23340, 19.272081
23350, 19.074816
23360, 18.480071
23370, 18.387380
23380, 18.404757
23390, 18.371680
23400, 18.326328
23410, 18.357207
23420, 18.420642
23430, 18.356767
23440, 18.806699
23450, 18.401585
23460, 18.569378
23470, 18.807568
23480, 18.776364
23490, 18.567958
23500, 18.663714
23510, 18.370551
23520, 18.957691
23530, 18.866994
23540, 19.396765
23550, 18.915197
23560, 18.784253
23570, 18.833168
23580, 18.787592
23590, 18.858596
23600, 19.000442
23610, 19.055646
23620, 19.081780
23630, 19.287171
23640, 18.843936
23650, 18.776393
23660, 18.729225
23670, 18.741192
23680, 18.719567
23690, 18.709707
23700, 18.743872
23710, 18.799485
23720, 18.805581
23730, 18.820483
23740, 18.930906
23750, 18.866705
23760, 18.913718
23770, 19.008364
23780, 19.129043
23790, 20.079488
23800, 19.940939
23810, 19.867791
23820, 19.914302
23830, 19.833480
23840, 19.850711
23850, 19.814896
23860, 19.905149
23870, 19.805160
23880, 19.910290
23890, 20.254748
23900, 18.885998
23910, 18.840379
23920, 18.838698
23930, 18.913216
23940, 18.952030
23950, 19.053371
23960, 19.048813
23970, 19.024907
23980, 19.094707
23990, 19.053168
24000, 19.124658
24010, 19.131828
24020, 19.203844
24030, 19.289651
24040, 19.247757
24050, 19.232570
24060, 19.186490
24070, 19.197944
24080, 19.208646
24090, 19.295938
24100, 19.277437
24110, 19.294448
24120, 19.334891
24130, 19.388533
24140, 19.379218
24150, 19.408787
24160, 19.416509
24170, 19.416741
24180, 19.484431
24190, 19.526611
24200, 19.501179
24210, 19.462036
24220, 19.551356
24230, 19.531034
24240, 19.535819
24250, 19.623251
24260, 19.636363
24270, 19.646474
24280, 19.639839
24290, 19.665435
24300, 19.620448
24310, 19.636952
24320, 19.704952
24330, 19.724085
24340, 19.681534
24350, 19.759803
24360, 18.989645
24370, 19.163165
24380, 19.214879
24390, 19.202819
24400, 19.249579
24410, 19.399154
24420, 19.332562
24430, 19.355633
24440, 19.418083
24450, 19.369203
24460, 19.313078
24470, 19.371723
24480, 19.350012
24490, 19.441865
24500, 19.468612
24510, 19.451146
24520, 19.442486
24530, 19.512777
24540, 19.456399
24550, 19.577898
24560, 19.443737
24570, 19.473423
24580, 19.393308
24590, 19.394457
24600, 19.433157
24610, 19.448328
24620, 19.487994
24630, 19.499200
24640, 19.501485
24650, 19.515414
24660, 19.526169
24670, 19.532621
24680, 19.476428
24690, 19.489946
24700, 19.559375
24710, 19.537211
24720, 19.575973
24730, 19.486990
24740, 19.522242
24750, 19.604028
24760, 19.591740
24770, 19.628325
24780, 21.236686
24790, 21.238604
24800, 21.233480
24810, 21.172696
24820, 21.146727
24830, 21.035458
24840, 20.330183
24850, 20.113369
24860, 20.141760
24870, 20.168250
24880, 20.133086
24890, 20.216318
24900, 20.155689
24910, 20.131484
24920, 20.126708
24930, 20.212122
24940, 20.213054
24950, 20.215701
24960, 20.225696
24970, 20.357377
24980, 20.320484
24990, 20.266612
25000, 20.328339
25010, 20.272951
25020, 20.300934
25030, 20.433415
25040, 20.417480
25050, 20.411244
25060, 20.396718
25070, 20.400019
25080, 20.465775
25090, 20.467139
25100, 20.516245
25110, 20.449977
25120, 20.510993
25130, 20.599914
25140, 20.555104
25150, 20.599615
25160, 20.595718
25170, 20.618662
25180, 20.641209
25190, 20.684539
25200, 20.659606
25210, 20.700011
25220, 20.738106
25230, 20.842484
25240, 20.812977
25250, 21.065483
25260, 20.849687
25270, 20.859320
25280, 20.832039
25290, 20.783486
25300, 20.870165
25310, 20.909746
25320, 20.883281
25330, 20.882916
25340, 20.883057
25350, 20.923703
25360, 20.953001
25370, 21.013045
25380, 21.031973
25390, 20.961800
25400, 21.010642
25410, 20.960480
25420, 20.901070
25430, 20.981992
25440, 20.936004
25450, 21.015908
25460, 21.025324
25470, 21.024108
25480, 21.002401
25490, 20.953191
25500, 21.031597
25510, 21.059656
25520, 21.065349
25530, 21.096304
25540, 21.077110
25550, 21.120359
25560, 21.092107
25570, 21.131674
25580, 21.211828
25590, 21.370653
25600, 21.265903
25610, 21.236616
25620, 21.336580
25630, 21.371704
25640, 21.314643
25650, 21.368512
25660, 21.760228
25670, 24.217953
25680, 22.612470
25690, 21.654333
25700, 21.572575
25710, 21.509269
25720, 21.785541
25730, 21.654638
25740, 21.675950
25750, 21.576730
25760, 21.658868
25770, 21.615954
25780, 21.639985
25790, 21.735198
25800, 21.702779
25810, 23.061719
25820, 24.767141
25830, 26.010582
25840, 22.873509
25850, 22.642256
25860, 22.689534
25870, 22.686630
25880, 22.534098
25890, 22.512375
25900, 22.490349
25910, 22.612769
25920, 22.546831
25930, 22.658924
25940, 22.691099
25950, 22.727917
25960, 22.774404
25970, 22.808870
25980, 22.813007
25990, 22.883801
26000, 22.890721
26010, 23.030981
26020, 23.567178
26030, 24.244558
26040, 24.601045
26050, 24.519654
26060, 24.311411
26070, 24.169458
26080, 24.322263
26090, 24.184756
26100, 24.222944
26110, 22.589949
26120, 22.892452
26130, 22.968419
26140, 22.691840
26150, 25.640532
26160, 23.850830
26170, 23.838313
26180, 23.507870
26190, 23.522661
26200, 23.900601
26210, 23.695362
26220, 23.825445
26230, 24.939683
26240, 25.206295
26250, 24.977049
26260, 24.997568
26270, 24.661178
26280, 24.659177
26290, 24.755892
26300, 24.909988
26310, 24.388689
26320, 22.694071
26330, 22.986757
26340, 23.047261
26350, 23.317114
26360, 23.268165
26370, 23.265062
26380, 23.328467
26390, 23.920173
26400, 26.256284
26410, 25.536190
26420, 24.910003
26430, 25.092961
26440, 24.702064
26450, 25.044732
26460, 24.918182
26470, 24.826700
26480, 25.299707
26490, 24.759556
26500, 25.005482
26510, 26.061317
26520, 25.693145
26530, 25.322647
26540, 25.416172
26550, 25.199102
26560, 24.294103
26570, 25.211967
26580, 24.750016
26590, 23.851681
26600, 23.432281
26610, 23.319858
26620, 23.295664
26630, 23.249218
26640, 23.277125
26650, 23.462752
26660, 23.918593
26670, 23.408025
26680, 23.255371
26690, 23.306562
26700, 23.320014
26710, 23.268168
26720, 23.237773
26730, 23.233251
26740, 23.270129
26750, 23.214842
26760, 23.286077
26770, 23.352542
26780, 23.424076
26790, 23.448689
26800, 23.466001
26810, 23.465474
26820, 23.493789
26830, 23.483062
26840, 23.526179
26850, 23.545572
26860, 23.570878
26870, 23.568902
26880, 23.468832
26890, 23.515637
26900, 23.519160
26910, 23.602059
26920, 23.633259
26930, 23.583195
26940, 23.652719
26950, 23.711829
26960, 23.712443
26970, 23.710002
26980, 23.749612
26990, 23.714117
27000, 23.822390
27010, 23.883609
27020, 23.941956
27030, 23.942832
27040, 23.996326
27050, 24.032430
27060, 24.024706
27070, 24.059977
27080, 24.128937
27090, 24.167663
27100, 24.176474
27110, 24.143776
27120, 24.196936
27130, 24.177327
27140, 24.221579
27150, 24.237190
27160, 24.262153
27170, 24.308867
27180, 24.310826
27190, 24.310219
27200, 24.306134
27210, 24.225155
27220, 24.212297
27230, 24.263819
27240, 24.296638
27250, 24.312741
27260, 24.281109
27270, 24.314477
27280, 24.297582
27290, 24.269284
27300, 24.344810
27310, 24.424715
27320, 24.391599
27330, 24.377022
27340, 24.372758
27350, 24.442243
27360, 24.448929
27370, 24.428101
27380, 24.398933
27390, 24.517179
27400, 24.495558
27410, 24.613192
27420, 24.508916
27430, 24.537898
27440, 24.585740
27450, 24.556131
27460, 24.534957
27470, 24.708836
27480, 24.623900
27490, 24.711512
27500, 24.674693
27510, 24.757508
27520, 24.664307
27530, 24.724315
27540, 24.772614
27550, 24.794616
27560, 24.753507
27570, 24.800304
27580, 24.816036
27590, 24.863679
27600, 24.804045
27610, 24.798602
27620, 24.868178
27630, 24.802742
27640, 24.784464
27650, 24.721803
27660, 24.724577
27670, 24.826540
27680, 24.911271
27690, 24.895487
27700, 24.925508
27710, 25.029334
27720, 25.105666
27730, 25.109521
27740, 25.124491
27750, 25.175026
27760, 25.148090
27770, 25.130512
27780, 25.207614
27790, 25.193939
27800, 25.333765
27810, 25.322647
27820, 25.360637
27830, 25.339823
27840, 25.377176
27850, 25.394603
27860, 25.403527
27870, 25.392134
27880, 25.241128
27890, 25.261180
27900, 25.368513
27910, 25.390714
27920, 25.450714
27930, 25.408575
27940, 25.411748
27950, 25.394634
27960, 25.438549
27970, 25.446041
27980, 25.501060
27990, 25.474513
28000, 25.515191
28010, 25.589412
28020, 25.589750
28030, 25.635302
28040, 25.638081
28050, 25.613499
28060, 25.546448
28070, 25.733550
28080, 25.765451
28090, 25.783192
28100, 25.820055
28110, 25.756703
28120, 25.778147
28130, 25.800983
28140, 25.772003
28150, 25.840823
28160, 25.863475
28170, 25.880527
28180, 25.873969
28190, 25.911376
28200, 25.930618
28210, 25.881113
28220, 25.938166
28230, 25.993020
28240, 26.054740
28250, 25.975868
28260, 26.004362
28270, 26.029758
28280, 26.023048
28290, 26.104100
28300, 26.093502
28310, 26.020345
28320, 26.123096
28330, 26.209688
28340, 26.194581
28350, 26.284334
28360, 26.224796
28370, 26.179634
28380, 26.203493
28390, 26.248672
28400, 26.314173
28410, 26.367982
28420, 26.416836
28430, 26.401659
28440, 26.405280
28450, 26.377512
28460, 26.431718
28470, 26.404980
28480, 26.396498
28490, 26.491956
28500, 26.532994
28510, 26.579653
28520, 26.598291
28530, 26.552915
28540, 26.617323
28550, 26.662246
28560, 26.681364
28570, 26.762029
28580, 26.781392
28590, 26.786976
28600, 26.797907
28610, 26.755430
28620, 26.722765
28630, 26.786836
28640, 26.800039
28650, 26.884359
28660, 26.864134
28670, 26.902755
28680, 26.889743
28690, 26.732505
28700, 26.792322
28710, 26.865924
28720, 26.915612
28730, 26.846495
28740, 26.977738
28750, 27.050153
28760, 27.004289
28770, 27.050466
28780, 27.010778
28790, 26.951232
28800, 27.009648
28810, 27.151285
28820, 27.191154
28830, 27.179933
28840, 27.173799
28850, 27.267103
28860, 27.279345
28870, 27.295183
28880, 27.369922
28890, 27.340383
28900, 27.344097
28910, 27.332457
28920, 27.366510
28930, 27.405178
28940, 27.436805
28950, 27.456349
28960, 27.444331
28970, 27.507262
28980, 27.445779
28990, 27.381786
29000, 27.371582
29010, 27.412369
29020, 27.394315
29030, 27.545469
29040, 27.595076
29050, 27.662892
29060, 27.711490
29070, 27.698917
29080, 27.703346
29090, 27.662221
29100, 27.619290
29110, 27.728939
29120, 27.736713
29130, 27.836593
29140, 27.881342
29150, 27.848310
29160, 27.833048
29170, 27.795809
29180, 27.818723
29190, 27.829610
29200, 27.861526
29210, 27.942058
29220, 27.998466
29230, 28.027908
29240, 27.956644
29250, 27.945548
29260, 27.908509
29270, 27.940353
29280, 27.889786
29290, 27.847297
29300, 27.948524
29310, 27.948255
29320, 27.953116
29330, 27.998548
29340, 27.985115
29350, 27.984003
29360, 28.075868
29370, 28.086077
29380, 28.070519
29390, 28.210324
29400, 28.166792
29410, 28.141569
29420, 28.134349
29430, 28.127300
29440, 28.079340
29450, 28.133603
29460, 28.322173
29470, 28.248904
29480, 28.324493
29490, 28.338861
29500, 28.323842
29510, 28.349945
29520, 28.296311
29530, 28.389855
29540, 28.415162
29550, 28.412095
29560, 28.460030
29570, 28.631608
29580, 28.690651
29590, 28.758557
29600, 28.882018
29610, 28.831325
29620, 28.959425
29630, 28.763094
29640, 28.828956
29650, 28.861567
29660, 28.939274
29670, 28.967072
29680, 28.989965
29690, 29.001782
29700, 29.030430
29710, 29.188208
29720, 29.162115
29730, 29.061327
29740, 29.039979
29750, 28.983536
29760, 28.898122
29770, 28.922017
29780, 28.943732
29790, 28.930414
29800, 28.993566
29810, 28.973032
29820, 28.997104
29830, 28.969576
29840, 29.082507
29850, 29.069397
29860, 29.041972
29870, 29.020157
29880, 29.120923
29890, 29.130283
29900, 29.127330
29910, 29.127648
29920, 29.237688
29930, 29.245810
29940, 29.283179
29950, 29.266382
29960, 29.319474
29970, 29.271681
29980, 29.188838
29990, 29.190775
30000, 29.158535
30010, 29.114814
30020, 29.290857
30030, 29.362036
30040, 29.501618
30050, 29.415299
30060, 29.520119
30070, 29.569850
30080, 29.691404
30090, 29.639099
30100, 29.674078
30110, 29.619797
30120, 29.541121
30130, 29.526337
30140, 29.601402
30150, 29.711681
30160, 29.706748
30170, 29.735506
30180, 29.699408
30190, 29.713336
30200, 29.808757
30210, 29.986572
30220, 29.927696
30230, 29.955980
30240, 30.043710
30250, 30.008709
30260, 30.026370
30270, 30.082139
30280, 30.142838
30290, 30.197210
30300, 30.194362
30310, 30.278150
30320, 30.193190
30330, 30.131807
30340, 30.128686
30350, 30.188970
30360, 30.164968
30370, 30.212481
30380, 30.159493
30390, 30.245175
30400, 30.313271
30410, 30.359614
30420, 30.280559
30430, 30.236767
30440, 30.233097
30450, 30.234397
30460, 30.297701
30470, 30.224477
30480, 30.270400
30490, 30.338254
30500, 30.354823
30510, 30.348674
30520, 30.242326
30530, 30.359550
30540, 30.418250
30550, 30.629880
30560, 30.562106
30570, 30.626344
30580, 30.581865
30590, 30.673202
30600, 30.704962
30610, 30.750219
30620, 30.699782
30630, 30.763948
30640, 30.781458
30650, 30.803480
30660, 30.820407
30670, 30.801184
30680, 30.713615
30690, 30.805875
30700, 30.858132
30710, 30.917876
30720, 30.883835
30730, 30.791214
30740, 30.809165
30750, 30.955931
30760, 30.915926
30770, 30.982414
30780, 30.996264
30790, 30.935907
30800, 30.962257
30810, 31.028610
30820, 31.110104
30830, 31.239960
30840, 31.178294
30850, 31.210555
30860, 31.262113
30870, 31.260556
30880, 31.252381
30890, 31.272610
30900, 31.383797
30910, 31.415938
30920, 31.455718
30930, 31.510737
30940, 31.559479
30950, 31.597062
30960, 31.522026
30970, 31.537446
30980, 31.517050
30990, 31.533280
31000, 31.511268
31010, 31.522084
31020, 31.536778
31030, 31.580306
31040, 31.580694
31050, 31.600561
31060, 31.624230
31070, 31.652272
31080, 31.726535
31090, 31.758199
31100, 31.813243
31110, 31.730354
31120, 31.790146
31130, 31.809452
31140, 31.802255
31150, 31.809510
31160, 31.760846
31170, 31.852317
31180, 31.873620
31190, 32.001462
31200, 32.009057
31210, 32.001689
31220, 31.855573
31230, 31.910158
31240, 31.983272
31250, 32.029694
31260, 32.091797
31270, 31.995256
31280, 31.982775
31290, 32.000926
31300, 32.014813
31310, 32.024854
31320, 32.014422
31330, 32.118937
31340, 32.136482
31350, 32.166731
31360, 32.185795
31370, 32.197062
31380, 32.297626
31390, 32.347231
31400, 32.233696
31410, 32.215393
31420, 32.318253
31430, 32.399955
31440, 32.482441
31450, 32.496649
31460, 32.615559
31470, 32.699493
31480, 32.703675
31490, 32.592389
31500, 32.587360
31510, 32.727438
31520, 32.800292
31530, 32.827209
31540, 33.022316
31550, 32.842480
31560, 32.652865
31570, 32.664319
31580, 32.850503
31590, 32.808030
31600, 32.771470
31610, 32.764470
31620, 32.899576
31630, 32.797089
31640, 32.789919
31650, 32.765275
31660, 32.723717
31670, 32.787022
31680, 32.768988
31690, 32.772146
31700, 32.691746
31710, 32.710523
31720, 32.932617
31730, 32.885184
31740, 32.830089
31750, 32.884188
31760, 32.776234
31770, 32.705193
31780, 32.790899
31790, 32.768258
31800, 32.728446
31810, 32.839291
31820, 32.813238
31830, 32.843651
31840, 32.871119
31850, 32.859902
31860, 32.867502
31870, 32.906272
31880, 32.914886
31890, 33.001656
31900, 32.949969
31910, 33.097477
31920, 34.872462
31930, 34.634804
31940, 34.573463
31950, 34.530282
31960, 34.587667
31970, 34.548607
31980, 34.530417
31990, 34.543108
32000, 34.632327
32010, 34.542075
32020, 34.510372
32030, 34.562144
32040, 34.536906
32050, 34.500078
32060, 34.559940
32070, 34.643325
32080, 34.658019
32090, 34.656340
32100, 34.714610
32110, 34.761943
32120, 34.721154
32130, 34.706394
32140, 34.803966
32150, 34.864549
32160, 35.062001
32170, 35.142744
32180, 35.206806
32190, 35.391000
32200, 35.518679
32210, 35.392462
32220, 35.450694
32230, 35.560747
32240, 35.554566
32250, 35.531492
32260, 35.525049
32270, 35.563596
32280, 35.531114
32290, 35.333133
32300, 34.915502
32310, 34.662533
32320, 34.406185
32330, 34.259577
32340, 34.131372
32350, 34.161898
32360, 34.180086
32370, 34.222539
32380, 34.159606
32390, 34.131833
32400, 34.150314
32410, 34.226973
32420, 34.131930
32430, 34.209771
32440, 34.266461
32450, 34.333820
32460, 34.325159
32470, 34.274611
32480, 34.309758
32490, 34.346594
32500, 34.416329
32510, 34.407591
32520, 34.425940
32530, 34.499523
32540, 34.553372
32550, 34.513738
32560, 34.544271
32570, 34.576757
32580, 34.575951
32590, 34.602672
32600, 34.616339
32610, 34.635194
32620, 34.719579
32630, 34.816632
32640, 34.815335
32650, 34.842561
32660, 34.891216
32670, 34.819506
32680, 34.872995
32690, 34.841207
32700, 34.867830
32710, 34.937779
32720, 34.912742
32730, 35.006879
32740, 34.960074
32750, 34.954903
32760, 34.990478
32770, 35.079531
32780, 35.019762
32790, 35.123079
32800, 35.134933
32810, 35.131694
32820, 35.088058
32830, 35.153106
32840, 35.140432
32850, 35.221034
32860, 35.137625
32870, 35.164920
32880, 35.239819
32890, 35.233110
32900, 35.260014
32910, 35.293136
32920, 35.249689
32930, 35.341704
32940, 35.363548
32950, 35.369990
32960, 35.343490
32970, 35.379575
32980, 35.358470
32990, 35.504735
33000, 35.488915
33010, 35.525750
33020, 35.534272
33030, 35.464100
33040, 35.576017
33050, 35.600982
33060, 35.746125
33070, 35.640640
33080, 35.740174
33090, 35.659625
33100, 35.583125
33110, 35.545830
33120, 35.726142
33130, 35.713736
33140, 35.724235
33150, 35.782196
33160, 35.746418
33170, 35.843742
33180, 35.898039
33190, 35.883706
33200, 35.850351
33210, 34.059179
33220, 34.317998
33230, 34.467195
33240, 34.510247
33250, 34.570652
33260, 34.530952
33270, 34.619667
33280, 34.640503
33290, 34.604017
33300, 34.727694
33310, 34.790141
33320, 34.739347
33330, 34.762449
33340, 34.797997
33350, 34.827110
33360, 34.953412
33370, 34.895194
33380, 34.941835
33390, 35.086965
33400, 35.085180
33410, 35.039231
33420, 35.200759
33430, 35.206772
33440, 35.137278
33450, 35.129285
33460, 35.209531
33470, 35.206693
33480, 35.235513
33490, 35.256830
33500, 35.305035
33510, 35.335878
33520, 35.290432
33530, 35.345121
33540, 35.413819
33550, 35.376231
33560, 35.356067
33570, 35.326444
33580, 35.343664
33590, 35.330511
33600, 35.454774
33610, 35.469393
33620, 35.577813
33630, 35.628516
33640, 35.489617
33650, 35.538464
33660, 35.588532
33670, 35.596558
33680, 35.625899
33690, 35.663841
33700, 35.707404
33710, 35.723353
33720, 35.648560
33730, 35.724602
33740, 35.711595
33750, 35.891448
33760, 36.427654
33770, 35.803744
33780, 35.792058
33790, 35.847585
33800, 35.864804
33810, 35.830618
33820, 36.053792
33830, 36.121653
33840, 36.034804
33850, 36.139201
33860, 36.119856
33870, 36.097229
33880, 36.109938
33890, 36.186538
33900, 36.176464
33910, 36.212939
33920, 36.152061
33930, 36.206144
33940, 36.158334
33950, 36.233278
33960, 36.264550
33970, 36.298325
33980, 36.292060
33990, 36.261258
34000, 36.294286
34010, 36.383765
34020, 36.406016
34030, 36.376184
34040, 36.532193
34050, 36.398923
34060, 36.481924
34070, 36.479301
34080, 36.448867
34090, 36.458760
34100, 36.503356
34110, 36.568398
34120, 36.592562
34130, 36.550363
34140, 36.641388
34150, 36.596211
34160, 36.651383
34170, 36.668804
34180, 37.036027
34190, 37.014696
34200, 36.961669
34210, 37.036970
34220, 36.949395
34230, 37.005331
34240, 37.013761
34250, 37.051873
34260, 37.153166
34270, 37.109111
34280, 37.153708
34290, 37.000794
34300, 37.013084
34310, 37.161736
34320, 37.280762
34330, 37.220337
34340, 37.275954
34350, 37.232742
34360, 37.239523
34370, 37.320583
34380, 37.364960
34390, 37.263303
34400, 37.227888
34410, 37.498995
34420, 37.375130
34430, 37.459480
34440, 37.499107
34450, 37.490774
34460, 37.463499
34470, 37.571440
34480, 37.537943
34490, 37.533274
34500, 37.618056
34510, 37.680290
34520, 37.724660
34530, 37.730441
34540, 37.676874
34550, 37.575712
34560, 37.738584
34570, 37.617260
34580, 37.701040
34590, 37.670422
34600, 37.665283
34610, 37.814174
34620, 37.766357
34630, 37.835505
34640, 37.806818
34650, 37.852518
34660, 37.855579
34670, 37.875818
34680, 37.965596
34690, 37.924023
34700, 37.935958
34710, 38.017069
34720, 38.062808
34730, 38.133724
34740, 37.997499
34750, 37.961902
34760, 38.095887
34770, 38.112608
34780, 38.087019
34790, 38.092609
34800, 38.180999
34810, 38.247220
34820, 38.215527
34830, 38.166030
34840, 38.279371
34850, 38.238413
34860, 38.364674
34870, 38.397326
34880, 38.484331
34890, 38.440027
34900, 38.500229
34910, 38.526029
34920, 38.510306
34930, 38.497496
34940, 38.561497
34950, 38.532912
34960, 38.607455
34970, 38.583157
34980, 38.586626
34990, 38.620340
35000, 38.708464
35010, 38.652059
35020, 38.658314
35030, 38.714678
35040, 38.724183
35050, 38.886146
35060, 38.824097
35070, 38.896981
35080, 38.891726
35090, 38.923112
35100, 38.899386
35110, 38.965495
35120, 39.011001
35130, 39.001929
35140, 38.962618
35150, 38.673678
35160, 38.749417
35170, 38.721887
35180, 38.715898
35190, 38.768701
35200, 38.798119
35210, 38.745947
35220, 38.866424
35230, 38.829348
35240, 38.902442
35250, 38.952064
35260, 38.912477
35270, 38.975478
35280, 38.991898
35290, 39.052685
35300, 39.036507
35310, 39.069042
35320, 39.127110
35330, 39.042545
35340, 39.113148
35350, 39.153421
35360, 39.072104
35370, 39.177842
35380, 39.171868
35390, 39.264242
35400, 39.189238
35410, 39.212093
35420, 39.295352
35430, 39.425455
35440, 39.578210
35450, 39.483595
35460, 39.463982
35470, 39.445266
35480, 39.552806
35490, 39.508734
35500, 39.608032
35510, 39.568880
35520, 39.634441
35530, 39.700190
35540, 39.685628
35550, 39.702359
35560, 39.618370
35570, 39.811160
35580, 39.736435
35590, 39.833214
35600, 39.814532
35610, 39.867734
35620, 39.902397
35630, 39.900823
35640, 39.896832
35650, 39.813155
35660, 39.972350
35670, 39.968189
35680, 39.985895
35690, 40.014774
35700, 40.022715
35710, 40.322492
35720, 40.257832
35730, 40.364407
35740, 40.270969
35750, 40.325958
35760, 40.266657
35770, 40.410612
35780, 40.444249
35790, 40.488839
35800, 40.460019
35810, 40.477803
35820, 40.455296
35830, 40.507770
35840, 40.453609
35850, 40.489158
35860, 40.511928
35870, 40.594114
35880, 40.565928
35890, 40.550224
35900, 40.546456
35910, 40.679893
35920, 40.609259
35930, 40.677763
35940, 40.672572
35950, 40.739305
35960, 40.740339
35970, 40.756057
35980, 40.851976
35990, 40.804139
36000, 40.865814
36010, 40.816592
36020, 40.902710
36030, 40.866261
36040, 40.987392
36050, 40.936321
36060, 41.018688
36070, 40.827119
36080, 40.872241
36090, 40.878391
36100, 41.070302
36110, 41.048792
36120, 41.249356
36130, 41.232130
36140, 41.131736
36150, 41.231880
36160, 41.131055
36170, 41.194452
36180, 41.210501
36190, 41.210178
36200, 41.226785
36210, 41.194675
36220, 41.205738
36230, 41.261908
36240, 41.119737
36250, 41.138707
36260, 41.084661
36270, 41.220057
36280, 41.232961
36290, 41.127969
36300, 41.164220
36310, 41.184894
36320, 41.217271
36330, 41.265757
36340, 41.453944
36350, 41.366120
36360, 41.396928
36370, 41.442545
36380, 41.388789
36390, 41.458324
36400, 41.467010
36410, 41.480520
36420, 41.536201
36430, 41.524621
36440, 41.616156
36450, 41.574703
36460, 41.623046
36470, 41.602781
36480, 41.594824
36490, 41.715393
36500, 41.720282
36510, 41.709322
36520, 41.853348
36530, 41.800655
36540, 41.850742
36550, 41.923667
36560, 41.951886
36570, 41.831197
36580, 41.949337
36590, 41.873048
36600, 41.845830
36610, 41.854533
36620, 41.961732
36630, 41.982854
36640, 41.997835
36650, 42.147529
36660, 42.113618
36670, 44.536980
36680, 44.249072
36690, 44.166771
36700, 44.165599
36710, 44.201411
36720, 44.172168
36730, 44.195842
36740, 44.268634
36750, 44.245607
36760, 44.302898
36770, 44.257945
36780, 44.268783
36790, 44.296156
36800, 44.332351
36810, 44.346601
36820, 44.369629
36830, 44.370890
36840, 44.434647
36850, 44.428805
36860, 44.414235
36870, 44.456868
36880, 44.434388
36890, 44.523183
36900, 44.433346
36910, 44.507248
36920, 44.610035
36930, 44.569253
36940, 44.501646
36950, 44.656694
36960, 45.160902
36970, 44.747838
36980, 42.600926
36990, 42.773902
37000, 42.954575
37010, 43.030869
37020, 43.100469
37030, 43.175580
37040, 43.207759
37050, 43.192741
37060, 43.279879
37070, 43.335973
37080, 43.374567
37090, 43.368340
37100, 43.403138
37110, 43.485491
37120, 43.512976
37130, 43.522198
37140, 43.946212
37150, 43.968254
37160, 43.620015
37170, 43.551622
37180, 43.544147
37190, 43.543452
37200, 43.496264
37210, 43.530325
37220, 43.542146
37230, 43.654562
37240, 43.870667
37250, 43.816901
37260, 43.817875
37270, 43.871783
37280, 43.861015
37290, 43.855989
37300, 43.924864
37310, 43.811615
37320, 43.891675
37330, 43.879401
37340, 43.884191
37350, 43.916047
37360, 43.945856
37370, 43.945102
37380, 44.067170
37390, 44.067805
37400, 44.084281
37410, 44.180416
37420, 44.076690
37430, 44.092069
37440, 44.186442
37450, 44.093051
37460, 44.154185
37470, 44.199176
37480, 44.109578
37490, 44.272195
37500, 44.164550
37510, 44.295749
37520, 44.349639
37530, 44.312798
37540, 44.370678
37550, 44.420928
37560, 44.422952
37570, 44.315382
37580, 44.310674
37590, 44.427129
37600, 44.497417
37610, 44.448971
37620, 44.490736
37630, 44.498098
37640, 44.598845
37650, 44.549500
37660, 44.531207
37670, 44.667158
37680, 44.588486
37690, 44.694547
37700, 44.705481
37710, 44.681500
37720, 44.692960
37730, 44.842425
37740, 44.897331
37750, 44.924173
37760, 44.897829
37770, 44.876518
37780, 44.961598
37790, 45.038791
37800, 44.891172
37810, 44.932269
37820, 45.036185
37830, 45.042063

