10, 0.000000
20, 0.000009
30, 0.000043
40, 0.000046
50, 0.000048
60, 0.000025
70, 0.000018
80, 0.000000
90, 0.000006
100, 0.000056
110, 0.000057
120, 0.000061
130, 0.000059
140, 0.000032
150, 0.000000
160, 0.000014
170, 0.000068
180, 0.000068
190, 0.000069
200, 0.000063
210, 0.000064
220, 0.000065
230, 0.000063
240, 0.000031
250, 0.000067
260, 0.000092
270, 0.000073
280, 0.000094
290, 0.000030
300, 0.000076
310, 0.000079
320, 0.000094
330, 0.000082
340, 0.000044
350, 0.000086
360, 0.000086
370, 0.000086
380, 0.000084
390, 0.000090
400, 0.000087
410, 0.000094
420, 0.000093
430, 0.000118
440, 0.000098
450, 0.000100
460, 0.000102
470, 0.000097
480, 0.000118
490, 0.000104
500, 0.000105
510, 0.000135
520, 0.000109
530, 0.000105
540, 0.000108
550, 0.000088
560, 0.000127
570, 0.000149
580, 0.000109
590, 0.000119
600, 0.000112
610, 0.000117
620, 0.000116
630, 0.000116
640, 0.000132
650, 0.000118
660, 0.000118
670, 0.000118
680, 0.000103
690, 0.000117
700, 0.000139
710, 0.000122
720, 0.000123
730, 0.000128
740, 0.000108
750, 0.000121
760, 0.000125
770, 0.000129
780, 0.000128
790, 0.000128
800, 0.000150
810, 0.000136
820, 0.000115
830, 0.000173
840, 0.000180
850, 0.000148
860, 0.000149
870, 0.000119
880, 0.000152
890, 0.000151
900, 0.000132
910, 0.000154
920, 0.000135
930, 0.000140
940, 0.000136
950, 0.000136
960, 0.000136
970, 0.000157
980, 0.000143
990, 0.000137
1000, 0.000137
1010, 0.000140
1020, 0.000160
1030, 0.000141
1040, 0.000143
1050, 0.000145
1060, 0.000144
1070, 0.000146
1080, 0.000143
1090, 0.000144
1100, 0.000148
1110, 0.000130
1120, 0.000231
1130, 0.000149
1140, 0.000167
1150, 0.000193
1160, 0.000208
1170, 0.000153
1180, 0.000183
1190, 0.000167
1200, 0.000183
1210, 0.000156
1220, 0.000178
1230, 0.000156
1240, 0.000156
1250, 0.000160
1260, 0.000167
1270, 0.000160
1280, 0.000165
1290, 0.000159
1300, 0.000162
1310, 0.000169
1320, 0.000183
1330, 0.000161
1340, 0.000165
1350, 0.000169
1360, 0.000166
1370, 0.000166
1380, 0.000146
1390, 0.000187
1400, 0.000187
1410, 0.000176
1420, 0.000186
1430, 0.000189
1440, 0.000190
1450, 0.000201
1460, 0.000206
1470, 0.000218
1480, 0.000217
1490, 0.000177
1500, 0.000230
1510, 0.000164
1520, 0.000179
1530, 0.000180
1540, 0.000189
1550, 0.000209
1560, 0.000239
1570, 0.000195
1580, 0.000203
1590, 0.000227
1600, 0.000203
1610, 0.000193
1620, 0.000189
1630, 0.000188
1640, 0.000187
1650, 0.000228
1660, 0.000192
1670, 0.000229
1680, 0.000192
1690, 0.000202
1700, 0.000207
1710, 0.000212
1720, 0.000218
1730, 0.000196
1740, 0.000198
1750, 0.000195
1760, 0.000194
1770, 0.000194
1780, 0.000222
1790, 0.000193
1800, 0.000174
1810, 0.000196
1820, 0.000195
1830, 0.000214
1840, 0.000196
1850, 0.000201
1860, 0.000202
1870, 0.000208
1880, 0.000220
1890, 0.000215
1900, 0.000217
1910, 0.000218
1920, 0.000222
1930, 0.000220
1940, 0.000217
1950, 0.000236
1960, 0.000222
1970, 0.000246
1980, 0.000225
1990, 0.000224
2000, 0.000225
2010, 0.000225
2020, 0.000199
2030, 0.000225
2040, 0.000225
2050, 0.000229
2060, 0.000226
2070, 0.000228
2080, 0.000225
2090, 0.000229
2100, 0.000229
2110, 0.000231
2120, 0.000231
2130, 0.000232
2140, 0.000237
2150, 0.000232
2160, 0.000234
2170, 0.000234
2180, 0.000235
2190, 0.000236
2200, 0.000233
2210, 0.000237
2220, 0.000210
2230, 0.000237
2240, 0.000238
2250, 0.000237
2260, 0.000239
2270, 0.000242
2280, 0.000263
2290, 0.000243
2300, 0.000244
2310, 0.000246
2320, 0.000259
2330, 0.000243
2340, 0.000262
2350, 0.000245
2360, 0.000247
2370, 0.000246
2380, 0.000248
2390, 0.000249
2400, 0.000250
2410, 0.000253
2420, 0.000254
2430, 0.000254
2440, 0.000252
2450, 0.000258
2460, 0.000252
2470, 0.000254
2480, 0.000254
2490, 0.000256
2500, 0.000259
2510, 0.000258
2520, 0.000256
2530, 0.000259
2540, 0.000255
2550, 0.000259
2560, 0.000260
2570, 0.000263
2580, 0.000261
2590, 0.000262
2600, 0.000264
2610, 0.000266
2620, 0.000263
2630, 0.000266
2640, 0.000267
2650, 0.000266
2660, 0.000284
2670, 0.000270
2680, 0.000270
2690, 0.000270
2700, 0.000266
2710, 0.000272
2720, 0.000274
2730, 0.000273
2740, 0.000274
2750, 0.000275
2760, 0.000275
2770, 0.000295
2780, 0.000272
2790, 0.000273
2800, 0.000276
2810, 0.000276
2820, 0.000275
2830, 0.000274
2840, 0.000277
2850, 0.000276
2860, 0.000281
2870, 0.000278
2880, 0.000279
2890, 0.000282
2900, 0.000280
2910, 0.000284
2920, 0.000287
2930, 0.000285
2940, 0.000288
2950, 0.000291
2960, 0.000289
2970, 0.000287
2980, 0.000287
2990, 0.000289
3000, 0.000288
3010, 0.000292
3020, 0.000293
3030, 0.000292
3040, 0.000297
3050, 0.000289
3060, 0.000291
3070, 0.000296
3080, 0.000297
3090, 0.000297
3100, 0.000298
3110, 0.000297
3120, 0.000298
3130, 0.000299
3140, 0.000303
3150, 0.000301
3160, 0.000300
3170, 0.000302
3180, 0.000299
3190, 0.000309
3200, 0.000300
3210, 0.000307
3220, 0.000304
3230, 0.000302
3240, 0.000305
3250, 0.000307
3260, 0.000308
3270, 0.000308
3280, 0.000306
3290, 0.000308
3300, 0.000309
3310, 0.000306
3320, 0.000344
3330, 0.000312
3340, 0.000312
3350, 0.000314
3360, 0.000315
3370, 0.000314
3380, 0.000317
3390, 0.000283
3400, 0.000321
3410, 0.000320
3420, 0.000319
3430, 0.000318
3440, 0.000316
3450, 0.000318
3460, 0.000320
3470, 0.000321
3480, 0.000323
3490, 0.000322
3500, 0.000320
3510, 0.000323
3520, 0.000314
3530, 0.000328
3540, 0.000325
3550, 0.000324
3560, 0.000325
3570, 0.000332
3580, 0.000325
3590, 0.000326
3600, 0.000327
3610, 0.000326
3620, 0.000329
3630, 0.000293
3640, 0.000325
3650, 0.000331
3660, 0.000334
3670, 0.000332
3680, 0.000334
3690, 0.000329
3700, 0.000331
3710, 0.000336
3720, 0.000335
3730, 0.000337
3740, 0.000337
3750, 0.000333
3760, 0.000334
3770, 0.000338
3780, 0.000337
3790, 0.000336
3800, 0.000339
3810, 0.000340
3820, 0.000341
3830, 0.000346
3840, 0.000339
3850, 0.000360
3860, 0.000346
3870, 0.000348
3880, 0.000344
3890, 0.000363
3900, 0.000345
3910, 0.000343
3920, 0.000346
3930, 0.000371
3940, 0.000351
3950, 0.000351
3960, 0.000370
3970, 0.000355
3980, 0.000366
3990, 0.000356
4000, 0.000351
4010, 0.000356
4020, 0.000354
4030, 0.000354
4040, 0.000359
4050, 0.000356
4060, 0.000374
4070, 0.000367
4080, 0.000355
4090, 0.000361
4100, 0.000359
4110, 0.000363
4120, 0.000376
4130, 0.000363
4140, 0.000362
4150, 0.000362
4160, 0.000366
4170, 0.000361
4180, 0.000360
4190, 0.000365
4200, 0.000360
4210, 0.000322
4220, 0.000364
4230, 0.000367
4240, 0.000374
4250, 0.000373
4260, 0.000369
4270, 0.000372
4280, 0.000373
4290, 0.000376
4300, 0.000375
4310, 0.000373
4320, 0.000373
4330, 0.000368
4340, 0.000375
4350, 0.000412
4360, 0.000377
4370, 0.000378
4380, 0.000392
4390, 0.000378
4400, 0.000378
4410, 0.000377
4420, 0.000376
4430, 0.000379
4440, 0.000385
4450, 0.000380
4460, 0.000388
4470, 0.000383
4480, 0.000385
4490, 0.000387
4500, 0.000385
4510, 0.000343
4520, 0.000391
4530, 0.000391
4540, 0.000407
4550, 0.000383
4560, 0.000390
4570, 0.000386
4580, 0.000392
4590, 0.000392
4600, 0.000386
4610, 0.000388
4620, 0.000391
4630, 0.000396
4640, 0.000393
4650, 0.000404
4660, 0.000394
4670, 0.000398
4680, 0.000396
4690, 0.000398
4700, 0.000396
4710, 0.000401
4720, 0.000400
4730, 0.000398
4740, 0.000399
4750, 0.000355
4760, 0.000402
4770, 0.000397
4780, 0.000404
4790, 0.000403
4800, 0.000404
4810, 0.000409
4820, 0.000400
4830, 0.000397
4840, 0.000398
4850, 0.000402
4860, 0.000410
4870, 0.000405
4880, 0.000404
4890, 0.000410
4900, 0.000408
4910, 0.000412
4920, 0.000368
4930, 0.000412
4940, 0.000416
4950, 0.000412
4960, 0.000414
4970, 0.000419
4980, 0.000413
4990, 0.000420
5000, 0.000415
5010, 0.000417
5020, 0.000416
5030, 0.000416
5040, 0.000419
5050, 0.000420
5060, 0.000422
5070, 0.000378
5080, 0.000423
5090, 0.000415
5100, 0.000426
5110, 0.000422
5120, 0.000426
5130, 0.000426
5140, 0.000430
5150, 0.000432
5160, 0.000429
5170, 0.000427
5180, 0.000428
5190, 0.000429
5200, 0.000428
5210, 0.000429
5220, 0.000434
5230, 0.000429
5240, 0.000435
5250, 0.000436
5260, 0.000430
5270, 0.000430
5280, 0.000389
5290, 0.000432
5300, 0.000439
5310, 0.000439
5320, 0.000437
5330, 0.000442
5340, 0.000440
5350, 0.000439
5360, 0.000443
5370, 0.000453
5380, 0.000444
5390, 0.000443
5400, 0.000444
5410, 0.000391
5420, 0.000451
5430, 0.000442
5440, 0.000441
5450, 0.000445
5460, 0.000444
5470, 0.000446
5480, 0.000441
5490, 0.000446
5500, 0.000448
5510, 0.000467
5520, 0.000449
5530, 0.000454
5540, 0.000453
5550, 0.000452
5560, 0.000453
5570, 0.000447
5580, 0.000457
5590, 0.000455
5600, 0.000454
5610, 0.000450
5620, 0.000456
5630, 0.000454
5640, 0.000476
5650, 0.000461
5660, 0.000457
5670, 0.000459
5680, 0.000458
5690, 0.000464
5700, 0.000466
5710, 0.000463
5720, 0.000467
5730, 0.000465
5740, 0.000463
5750, 0.000466
5760, 0.000463
5770, 0.000465
5780, 0.000465
5790, 0.000470
5800, 0.000466
5810, 0.000464
5820, 0.000472
5830, 0.000466
5840, 0.000468
5850, 0.000469
5860, 0.000470
5870, 0.000470
5880, 0.000415
5890, 0.000477
5900, 0.000473
5910, 0.000474
5920, 0.000473
5930, 0.000475
5940, 0.000472
5950, 0.000470
5960, 0.000478
5970, 0.000479
5980, 0.000480
5990, 0.000484
6000, 0.000481
6010, 0.000481
6020, 0.000480
6030, 0.000485
6040, 0.000488
6050, 0.000477
6060, 0.000483
6070, 0.000489
6080, 0.000485
6090, 0.000488
6100, 0.000487
6110, 0.000485
6120, 0.000485
6130, 0.000490
6140, 0.000491
6150, 0.000487
6160, 0.000488
6170, 0.000488
6180, 0.000487
6190, 0.000491
6200, 0.000493
6210, 0.000492
6220, 0.000494
6230, 0.000494
6240, 0.000494
6250, 0.000494
6260, 0.000498
6270, 0.000495
6280, 0.000497
6290, 0.000496
6300, 0.000498
6310, 0.000501
6320, 0.000501
6330, 0.000500
6340, 0.000503
6350, 0.000502
6360, 0.000501
6370, 0.000503
6380, 0.000500
6390, 0.000510
6400, 0.000504
6410, 0.000507
6420, 0.000504
6430, 0.000503
6440, 0.000508
6450, 0.000506
6460, 0.000509
6470, 0.000511
6480, 0.000451
6490, 0.000506
6500, 0.000517
6510, 0.000519
6520, 0.000521
6530, 0.000548
6540, 0.000520
6550, 0.000519
6560, 0.000476
6570, 0.000516
6580, 0.000515
6590, 0.000512
6600, 0.000515
6610, 0.000518
6620, 0.000517
6630, 0.000521
6640, 0.000462
6650, 0.000519
6660, 0.000520
6670, 0.000520
6680, 0.000519
6690, 0.000517
6700, 0.000528
6710, 0.000522
6720, 0.000522
6730, 0.000525
6740, 0.000525
6750, 0.000527
6760, 0.000524
6770, 0.000523
6780, 0.000470
6790, 0.000528
6800, 0.000529
6810, 0.000523
6820, 0.000531
6830, 0.000529
6840, 0.000531
6850, 0.000532
6860, 0.000534
6870, 0.000530
6880, 0.000540
6890, 0.000537
6900, 0.000533
6910, 0.000475
6920, 0.000536
6930, 0.000531
6940, 0.000538
6950, 0.000536
6960, 0.000536
6970, 0.000549
6980, 0.000556
6990, 0.000479
7000, 0.000537
7010, 0.000541
7020, 0.000541
7030, 0.000540
7040, 0.000544
7050, 0.000542
7060, 0.000543
7070, 0.000549
7080, 0.000551
7090, 0.000541
7100, 0.000542
7110, 0.000547
7120, 0.000545
7130, 0.000543
7140, 0.000544
7150, 0.000553
7160, 0.000551
7170, 0.000552
7180, 0.000558
7190, 0.000489
7200, 0.000489
7210, 0.000551
7220, 0.000558
7230, 0.000553
7240, 0.000554
7250, 0.000555
7260, 0.000556
7270, 0.000495
7280, 0.000563
7290, 0.000561
7300, 0.000558
7310, 0.000569
7320, 0.000570
7330, 0.000502
7340, 0.000526
7350, 0.000510
7360, 0.000514
7370, 0.000532
7380, 0.000521
7390, 0.000518
7400, 0.000518
7410, 0.000522
7420, 0.000520
7430, 0.000524
7440, 0.000542
7450, 0.000523
7460, 0.000525
7470, 0.000528
7480, 0.000525
7490, 0.000529
7500, 0.000532
7510, 0.000526
7520, 0.000535
7530, 0.000532
7540, 0.000530
7550, 0.000532
7560, 0.000532
7570, 0.000535
7580, 0.000533
7590, 0.000537
7600, 0.000536
7610, 0.000539
7620, 0.000545
7630, 0.000539
7640, 0.000546
7650, 0.000543
7660, 0.000540
7670, 0.000544
7680, 0.000551
7690, 0.000590
7700, 0.000535
7710, 0.000545
7720, 0.000548
7730, 0.000545
7740, 0.000545
7750, 0.000549
7760, 0.000547
7770, 0.000548
7780, 0.000547
7790, 0.000547
7800, 0.000546
7810, 0.000543
7820, 0.000548
7830, 0.000555
7840, 0.000591
7850, 0.000555
7860, 0.000554
7870, 0.000554
7880, 0.000553
7890, 0.000552
7900, 0.000555
7910, 0.000553
7920, 0.000560
7930, 0.000558
7940, 0.000561
7950, 0.000495
7960, 0.000556
7970, 0.000562
7980, 0.000562
7990, 0.000570
8000, 0.000564
8010, 0.000555
8020, 0.000561
8030, 0.000565
8040, 0.000566
8050, 0.000570
8060, 0.000566
8070, 0.000569
8080, 0.000572
8090, 0.000570
8100, 0.000572
8110, 0.000572
8120, 0.000572
8130, 0.000574
8140, 0.000571
8150, 0.000574
8160, 0.000574
8170, 0.000571
8180, 0.000571
8190, 0.000580
8200, 0.000575
8210, 0.000577
8220, 0.000578
8230, 0.000519
8240, 0.000578
8250, 0.000581
8260, 0.000582
8270, 0.000581
8280, 0.000582
8290, 0.000584
8300, 0.000584
8310, 0.000582
8320, 0.000584
8330, 0.000522
8340, 0.000585
8350, 0.000587
8360, 0.000588
8370, 0.000589
8380, 0.000586
8390, 0.000586
8400, 0.000586
8410, 0.000594
8420, 0.000592
8430, 0.000591
8440, 0.000588
8450, 0.000591
8460, 0.000587
8470, 0.000527
8480, 0.000594
8490, 0.000595
8500, 0.000593
8510, 0.000592
8520, 0.000592
8530, 0.000546
8540, 0.000595
8550, 0.000596
8560, 0.000596
8570, 0.000596
8580, 0.000597
8590, 0.000604
8600, 0.000598
8610, 0.000600
8620, 0.000606
8630, 0.000602
8640, 0.000599
8650, 0.000598
8660, 0.000603
8670, 0.000607
8680, 0.000604
8690, 0.000603
8700, 0.000607
8710, 0.000607
8720, 0.000603
8730, 0.000606
8740, 0.000607
8750, 0.000541
8760, 0.000611
8770, 0.000610
8780, 0.000611
8790, 0.000613
8800, 0.000615
8810, 0.000610
8820, 0.000615
8830, 0.000612
8840, 0.000612
8850, 0.000617
8860, 0.000621
8870, 0.000615
8880, 0.000616
8890, 0.000640
8900, 0.000624
8910, 0.000625
8920, 0.000617
8930, 0.000618
8940, 0.000623
8950, 0.000622
8960, 0.000620
8970, 0.000627
8980, 0.000622
8990, 0.000627
9000, 0.000621
9010, 0.000632
9020, 0.000635
9030, 0.000633
9040, 0.000651
9050, 0.000633
9060, 0.000640
9070, 0.000637
9080, 0.000634
9090, 0.000641
9100, 0.000631
9110, 0.000635
9120, 0.000641
9130, 0.000637
9140, 0.000642
9150, 0.000646
9160, 0.000643
9170, 0.000638
9180, 0.000642
9190, 0.000644
9200, 0.000660
9210, 0.000643
9220, 0.000638
9230, 0.000659
9240, 0.000648
9250, 0.000647
9260, 0.000664
9270, 0.000650
9280, 0.000648
9290, 0.000641
9300, 0.000646
9310, 0.000651
9320, 0.000654
9330, 0.000644
9340, 0.000647
9350, 0.000650
9360, 0.000651
9370, 0.000654
9380, 0.000658
9390, 0.000675
9400, 0.000669
9410, 0.000660
9420, 0.000654
9430, 0.000588
9440, 0.000658
9450, 0.000662
9460, 0.000590
9470, 0.000658
9480, 0.000665
9490, 0.000665
9500, 0.000662
9510, 0.000661
9520, 0.000664
9530, 0.000664
9540, 0.000670
9550, 0.000665
9560, 0.000587
9570, 0.000661
9580, 0.000678
9590, 0.000661
9600, 0.000662
9610, 0.000665
9620, 0.000666
9630, 0.000673
9640, 0.000671
9650, 0.000669
9660, 0.000667
9670, 0.000672
9680, 0.000675
9690, 0.000676
9700, 0.000680
9710, 0.000674
9720, 0.000672
9730, 0.000672
9740, 0.000679
9750, 0.000675
9760, 0.000680
9770, 0.000680
9780, 0.000691
9790, 0.000604
9800, 0.000680
9810, 0.000675
9820, 0.000682
9830, 0.000680
9840, 0.000678
9850, 0.000675
9860, 0.000685
9870, 0.000684
9880, 0.000684
9890, 0.000679
9900, 0.000682
9910, 0.000688
9920, 0.000683
9930, 0.000685
9940, 0.000690
9950, 0.000689
9960, 0.000684
9970, 0.000687
9980, 0.000693
9990, 0.000684
10000, 0.000689
10010, 0.000689
10020, 0.000707
10030, 0.000697
10040, 0.000696
10050, 0.000699
10060, 0.000692
10070, 0.000695
10080, 0.000697
10090, 0.000693
10100, 0.000698
10110, 0.000698
10120, 0.000614
10130, 0.000689
10140, 0.000697
10150, 0.000696
10160, 0.000694
10170, 0.000700
10180, 0.000700
10190, 0.000710
10200, 0.000705
10210, 0.000704
10220, 0.000707
10230, 0.000707
10240, 0.000707
10250, 0.000711
10260, 0.000704
10270, 0.000708
10280, 0.000699
10290, 0.000710
10300, 0.000706
10310, 0.000704
10320, 0.000709
10330, 0.000705
10340, 0.000708
10350, 0.000713
10360, 0.000713
10370, 0.000712
10380, 0.000709
10390, 0.000720
10400, 0.000715
10410, 0.000705
10420, 0.000714
10430, 0.000715
10440, 0.000794
10450, 0.000789
10460, 0.000782
10470, 0.000803
10480, 0.000784
10490, 0.000778
10500, 0.000777
10510, 0.000788
10520, 0.000803
10530, 0.000802
10540, 0.000771
10550, 0.000770
10560, 0.000781
10570, 0.000786
10580, 0.000787
10590, 0.000789
10600, 0.000784
10610, 0.000773
10620, 0.000787
10630, 0.000776
10640, 0.000786
10650, 0.000782
10660, 0.000775
10670, 0.000779
10680, 0.000784
10690, 0.000784
10700, 0.000693
10710, 0.000787
10720, 0.000787
10730, 0.000781
10740, 0.000785
10750, 0.000779
10760, 0.000781
10770, 0.000781
10780, 0.000778
10790, 0.000791
10800, 0.000787
10810, 0.000790
10820, 0.000783
10830, 0.000786
10840, 0.000788
10850, 0.000787
10860, 0.000783
10870, 0.000784
10880, 0.000785
10890, 0.000787
10900, 0.000786
10910, 0.000789
10920, 0.000784
10930, 0.000789
10940, 0.000792
10950, 0.000789
10960, 0.000791
10970, 0.000792
10980, 0.000794
10990, 0.000792
11000, 0.000790
11010, 0.000798
11020, 0.000804
11030, 0.000793
11040, 0.000795
11050, 0.000802
11060, 0.000805
11070, 0.000805
11080, 0.000800
11090, 0.000800
11100, 0.000811
11110, 0.000803
11120, 0.000839
11130, 0.000808
11140, 0.000803
11150, 0.000804
11160, 0.000820
11170, 0.000806
11180, 0.000807
11190, 0.000806
11200, 0.000809
11210, 0.000807
11220, 0.000816
11230, 0.000813
11240, 0.000808
11250, 0.000805
11260, 0.000809
11270, 0.000812
11280, 0.000817
11290, 0.000816
11300, 0.000810
11310, 0.000813
11320, 0.000819
11330, 0.000811
11340, 0.000817
11350, 0.000832
11360, 0.000814
11370, 0.000814
11380, 0.000813
11390, 0.000814
11400, 0.000816
11410, 0.000819
11420, 0.000735
11430, 0.000742
11440, 0.000750
11450, 0.000756
11460, 0.000754
11470, 0.000758
11480, 0.000755
11490, 0.000761
11500, 0.000760
11510, 0.000757
11520, 0.000758
11530, 0.000763
11540, 0.000760
11550, 0.000787
11560, 0.000785
11570, 0.000698
11580, 0.000777
11590, 0.000773
11600, 0.000776
11610, 0.000695
11620, 0.000776
11630, 0.000770
11640, 0.000777
11650, 0.000769
11660, 0.000781
11670, 0.000774
11680, 0.000775
11690, 0.000784
11700, 0.000793
11710, 0.000788
11720, 0.000786
11730, 0.000780
11740, 0.000787
11750, 0.000782
11760, 0.000788
11770, 0.000793
11780, 0.000797
11790, 0.000786
11800, 0.000717
11810, 0.000790
11820, 0.000790
11830, 0.000793
11840, 0.000786
11850, 0.000792
11860, 0.000794
11870, 0.000795
11880, 0.000799
11890, 0.000790
11900, 0.000800
11910, 0.000797
11920, 0.000794
11930, 0.000803
11940, 0.000804
11950, 0.000805
11960, 0.000809
11970, 0.000808
11980, 0.000807
11990, 0.000718
12000, 0.000717
12010, 0.000716
12020, 0.000809
12030, 0.000821
12040, 0.000807
12050, 0.000807
12060, 0.000810
12070, 0.000807
12080, 0.000812
12090, 0.000812
12100, 0.000812
12110, 0.000810
12120, 0.000809
12130, 0.000809
12140, 0.000815
12150, 0.000813
12160, 0.000815
12170, 0.000819
12180, 0.000819
12190, 0.000820
12200, 0.000823
12210, 0.000821
12220, 0.000819
12230, 0.000819
12240, 0.000817
12250, 0.000821
12260, 0.000818
12270, 0.000821
12280, 0.000822
12290, 0.000828
12300, 0.000822
12310, 0.000819
12320, 0.000818
12330, 0.000822
12340, 0.000827
12350, 0.000821
12360, 0.000830
12370, 0.000826
12380, 0.000832
12390, 0.000825
12400, 0.000848
12410, 0.000830
12420, 0.000828
12430, 0.000829
12440, 0.000824
12450, 0.000836
12460, 0.000826
12470, 0.000833
12480, 0.000836
12490, 0.000851
12500, 0.000826
12510, 0.000837
12520, 0.000837
12530, 0.000830
12540, 0.000835
12550, 0.000838
12560, 0.000836
12570, 0.000848
12580, 0.000832
12590, 0.000833
12600, 0.000834
12610, 0.000744
12620, 0.000843
12630, 0.000842
12640, 0.000845
12650, 0.000839
12660, 0.000841
12670, 0.000749
12680, 0.000843
12690, 0.000846
12700, 0.000844
12710, 0.000846
12720, 0.000849
12730, 0.000847
12740, 0.000848
12750, 0.000847
12760, 0.000858
12770, 0.000855
12780, 0.000855
12790, 0.000852
12800, 0.000853
12810, 0.000848
12820, 0.000853
12830, 0.000854
12840, 0.000761
12850, 0.000851
12860, 0.000857
12870, 0.000852
12880, 0.000854
12890, 0.000858
12900, 0.000857
12910, 0.000859
12920, 0.000853
12930, 0.000868
12940, 0.000854
12950, 0.000856
12960, 0.000858
12970, 0.000863
12980, 0.000862
12990, 0.000865
13000, 0.000860
13010, 0.000863
13020, 0.000854
13030, 0.000865
13040, 0.000861
13050, 0.000861
13060, 0.000865
13070, 0.000866
13080, 0.000862
13090, 0.000870
13100, 0.000775
13110, 0.000869
13120, 0.000868
13130, 0.000864
13140, 0.000872
13150, 0.000873
13160, 0.000873
13170, 0.000869
13180, 0.000871
13190, 0.000872
13200, 0.000866
13210, 0.000865
13220, 0.000876
13230, 0.000878
13240, 0.000874
13250, 0.000879
13260, 0.000878
13270, 0.000877
13280, 0.000881
13290, 0.000879
13300, 0.000885
13310, 0.000877
13320, 0.000891
13330, 0.000880
13340, 0.000884
13350, 0.000893
13360, 0.000882
13370, 0.000885
13380, 0.000886
13390, 0.000886
13400, 0.000887
13410, 0.000884
13420, 0.000887
13430, 0.000890
13440, 0.000888
13450, 0.000882
13460, 0.000886
13470, 0.000889
13480, 0.000884
13490, 0.000888
13500, 0.000886
13510, 0.000896
13520, 0.000893
13530, 0.000888
13540, 0.000898
13550, 0.000894
13560, 0.000891
13570, 0.000893
13580, 0.000894
13590, 0.000886
13600, 0.000892
13610, 0.000897
13620, 0.000892
13630, 0.000903
13640, 0.000897
13650, 0.000898
13660, 0.000906
13670, 0.000899
13680, 0.000897
13690, 0.000896
13700, 0.000994
13710, 0.000917
13720, 0.000926
13730, 0.001004
13740, 0.001001
13750, 0.000885
13760, 0.000988
13770, 0.000993
13780, 0.000982
13790, 0.000980
13800, 0.000969
13810, 0.000976
13820, 0.000975
13830, 0.000975
13840, 0.000969
13850, 0.000969
13860, 0.000973
13870, 0.000972
13880, 0.000975
13890, 0.000881
13900, 0.000965
13910, 0.000976
13920, 0.000989
13930, 0.000976
13940, 0.000975
13950, 0.000970
13960, 0.000980
13970, 0.000982
13980, 0.000985
13990, 0.000869
14000, 0.000984
14010, 0.000980
14020, 0.000978
14030, 0.000976
14040, 0.000980
14050, 0.000992
14060, 0.000993
14070, 0.000881
14080, 0.000990
14090, 0.000990
14100, 0.000990
14110, 0.000979
14120, 0.000989
14130, 0.001032
14140, 0.001021
14150, 0.001000
14160, 0.001017
14170, 0.001006
14180, 0.000994
14190, 0.000891
14200, 0.001030
14210, 0.001007
14220, 0.001000
14230, 0.000995
14240, 0.001013
14250, 0.000994
14260, 0.001015
14270, 0.000998
14280, 0.000996
14290, 0.000997
14300, 0.000996
14310, 0.001013
14320, 0.001020
14330, 0.001011
14340, 0.001009
14350, 0.001006
14360, 0.000911
14370, 0.001018
14380, 0.000996
14390, 0.001019
14400, 0.001021
14410, 0.001000
14420, 0.001001
14430, 0.001001
14440, 0.001003
14450, 0.001002
14460, 0.001007
14470, 0.001002
14480, 0.000889
14490, 0.001001
14500, 0.001004
14510, 0.001009
14520, 0.001009
14530, 0.001003
14540, 0.001024
14550, 0.001019
14560, 0.001014
14570, 0.001002
14580, 0.001010
14590, 0.001006
14600, 0.001008
14610, 0.001015
14620, 0.001027
14630, 0.001025
14640, 0.001017
14650, 0.001015
14660, 0.001016
14670, 0.001018
14680, 0.001015
14690, 0.001053
14700, 0.001017
14710, 0.001020
14720, 0.001026
14730, 0.001019
14740, 0.001023
14750, 0.001018
14760, 0.001033
14770, 0.001022
14780, 0.001021
14790, 0.001029
14800, 0.001049
14810, 0.001042
14820, 0.001039
14830, 0.001032
14840, 0.001020
14850, 0.001068
14860, 0.001025
14870, 0.001030
14880, 0.001023
14890, 0.001023
14900, 0.001025
14910, 0.001031
14920, 0.001028
14930, 0.001031
14940, 0.001030
14950, 0.001028
14960, 0.001051
14970, 0.001046
14980, 0.001033
14990, 0.001035
15000, 0.001033
15010, 0.001036
15020, 0.001040
15030, 0.001036
15040, 0.001038
15050, 0.001034
15060, 0.001039
15070, 0.001055
15080, 0.001035
15090, 0.001038
15100, 0.001040
15110, 0.001039
15120, 0.001041
15130, 0.001044
15140, 0.001061
15150, 0.001038
15160, 0.001042
15170, 0.001054
15180, 0.001051
15190, 0.001055
15200, 0.001066
15210, 0.001062
15220, 0.001058
15230, 0.001078
15240, 0.001078
15250, 0.001056
15260, 0.001069
15270, 0.001047
15280, 0.001061
15290, 0.001055
15300, 0.001055
15310, 0.001049
15320, 0.001057
15330, 0.001050
15340, 0.001055
15350, 0.001053
15360, 0.001051
15370, 0.001056
15380, 0.001053
15390, 0.001053
15400, 0.001057
15410, 0.001059
15420, 0.001086
15430, 0.001060
15440, 0.001060
15450, 0.001064
15460, 0.001066
15470, 0.001060
15480, 0.001064
15490, 0.001066
15500, 0.001074
15510, 0.001094
15520, 0.001064
15530, 0.001068
15540, 0.001076
15550, 0.001091
15560, 0.001087
15570, 0.001068
15580, 0.001073
15590, 0.001072
15600, 0.001067
15610, 0.001073
15620, 0.001082
15630, 0.001065
15640, 0.001081
15650, 0.001078
15660, 0.001077
15670, 0.001080
15680, 0.001080
15690, 0.001080
15700, 0.001093
15710, 0.001097
15720, 0.001080
15730, 0.001074
15740, 0.001081
15750, 0.001075
15760, 0.001076
15770, 0.001085
15780, 0.001082
15790, 0.001085
15800, 0.001084
15810, 0.001085
15820, 0.001099
15830, 0.001088
15840, 0.001088
15850, 0.001104
15860, 0.001090
15870, 0.001084
15880, 0.001086
15890, 0.001101
15900, 0.001091
15910, 0.001107
15920, 0.001094
15930, 0.001087
15940, 0.001093
15950, 0.001098
15960, 0.001095
15970, 0.001092
15980, 0.001108
15990, 0.001103
16000, 0.001098
16010, 0.001093
16020, 0.001095
16030, 0.001096
16040, 0.001101
16050, 0.001099
16060, 0.001101
16070, 0.000971
16080, 0.001099
16090, 0.001097
16100, 0.001101
16110, 0.001096
16120, 0.001100
16130, 0.001100
16140, 0.001102
16150, 0.001104
16160, 0.001106
16170, 0.001102
16180, 0.001107
16190, 0.001107
16200, 0.001122
16210, 0.001108
16220, 0.001110
16230, 0.001115
16240, 0.001106
16250, 0.001128
16260, 0.001109
16270, 0.001113
16280, 0.001110
16290, 0.001125
16300, 0.001113
16310, 0.001125
16320, 0.001131
16330, 0.001116
16340, 0.001119
16350, 0.001135
16360, 0.001110
16370, 0.001119
16380, 0.001126
16390, 0.001123
16400, 0.000992
16410, 0.001120
16420, 0.001120
16430, 0.001130
16440, 0.001132
16450, 0.001124
16460, 0.000995
16470, 0.001117
16480, 0.001129
16490, 0.000877
16500, 0.001121
16510, 0.001137
16520, 0.001126
16530, 0.001131
16540, 0.001160
16550, 0.001133
16560, 0.001143
16570, 0.001133
16580, 0.001022
16590, 0.001128
16600, 0.001130
16610, 0.001133
16620, 0.001138
16630, 0.001127
16640, 0.001131
16650, 0.001129
16660, 0.001130
16670, 0.001137
16680, 0.001139
16690, 0.001138
16700, 0.001155
16710, 0.001134
16720, 0.001007
16730, 0.001144
16740, 0.001134
16750, 0.001141
16760, 0.001136
16770, 0.001138
16780, 0.001145
16790, 0.001149
16800, 0.001153
16810, 0.001150
16820, 0.001191
16830, 0.001200
16840, 0.001161
16850, 0.001165
16860, 0.001143
16870, 0.001147
16880, 0.001165
16890, 0.001016
16900, 0.001151
16910, 0.001167
16920, 0.001155
16930, 0.001149
16940, 0.001165
16950, 0.001153
16960, 0.001148
16970, 0.001151
16980, 0.001150
16990, 0.001154
17000, 0.001156
17010, 0.001154
17020, 0.001154
17030, 0.001180
17040, 0.001179
17050, 0.001163
17060, 0.001155
17070, 0.001163
17080, 0.001158
17090, 0.001159
17100, 0.001051
17110, 0.001158
17120, 0.001160
17130, 0.001164
17140, 0.001162
17150, 0.001163
17160, 0.001166
17170, 0.001162
17180, 0.001056
17190, 0.001068
17200, 0.001070
17210, 0.000972
17220, 0.001079
17230, 0.001100
17240, 0.001082
17250, 0.001098
17260, 0.001081
17270, 0.001092
17280, 0.001082
17290, 0.000973
17300, 0.001102
17310, 0.001096
17320, 0.001121
17330, 0.001104
17340, 0.001095
17350, 0.001121
17360, 0.001104
17370, 0.001109
17380, 0.001109
17390, 0.001111
17400, 0.001127
17410, 0.001111
17420, 0.001109
17430, 0.001120
17440, 0.001106
17450, 0.001110
17460, 0.001146
17470, 0.001147
17480, 0.001153
17490, 0.001153
17500, 0.001146
17510, 0.001147
17520, 0.001147
17530, 0.001145
17540, 0.001029
17550, 0.001173
17560, 0.001164
17570, 0.001160
17580, 0.001158
17590, 0.001152
17600, 0.001158
17610, 0.001155
17620, 0.001161
17630, 0.001026
17640, 0.001159
17650, 0.001150
17660, 0.001157
17670, 0.001160
17680, 0.001155
17690, 0.001162
17700, 0.001160
17710, 0.001023
17720, 0.001156
17730, 0.001164
17740, 0.001168
17750, 0.001045
17760, 0.001167
17770, 0.001177
17780, 0.001176
17790, 0.001036
17800, 0.001041
17810, 0.001165
17820, 0.001164
17830, 0.001175
17840, 0.001041
17850, 0.001169
17860, 0.001160
17870, 0.001032
17880, 0.001170
17890, 0.001167
17900, 0.001170
17910, 0.001181
17920, 0.001173
17930, 0.001173
17940, 0.001182
17950, 0.001183
17960, 0.001279
17970, 0.001252
17980, 0.001226
17990, 0.001225
18000, 0.001250
18010, 0.001233
18020, 0.001234
18030, 0.001227
18040, 0.001248
18050, 0.001238
18060, 0.001218
18070, 0.001232
18080, 0.001221
18090, 0.001248
18100, 0.001222
18110, 0.001227
18120, 0.001228
18130, 0.001245
18140, 0.001224
18150, 0.001223
18160, 0.001229
18170, 0.001238
18180, 0.001255
18190, 0.001227
18200, 0.001100
18210, 0.001241
18220, 0.001248
18230, 0.001242
18240, 0.001225
18250, 0.001226
18260, 0.001233
18270, 0.001253
18280, 0.001254
18290, 0.001233
18300, 0.001243
18310, 0.001234
18320, 0.001277
18330, 0.001248
18340, 0.001252
18350, 0.001233
18360, 0.001244
18370, 0.001253
18380, 0.001113
18390, 0.001236
18400, 0.001242
18410, 0.001263
18420, 0.001268
18430, 0.001255
18440, 0.001264
18450, 0.001248
18460, 0.001258
18470, 0.001262
18480, 0.001123
18490, 0.001246
18500, 0.001272
18510, 0.001248
18520, 0.001261
18530, 0.001246
18540, 0.001249
18550, 0.001255
18560, 0.001265
18570, 0.001255
18580, 0.001254
18590, 0.001309
18600, 0.001262
18610, 0.001259
18620, 0.001259
18630, 0.001269
18640, 0.001276
18650, 0.001208
18660, 0.001212
18670, 0.001216
18680, 0.001086
18690, 0.001088
18700, 0.001219
18710, 0.001104
18720, 0.001235
18730, 0.001229
18740, 0.001206
18750, 0.001224
18760, 0.001208
18770, 0.001239
18780, 0.001224
18790, 0.001226
18800, 0.001226
18810, 0.001236
18820, 0.001096
18830, 0.001226
18840, 0.001230
18850, 0.001229
18860, 0.001227
18870, 0.001233
18880, 0.001258
18890, 0.001236
18900, 0.001246
18910, 0.001238
18920, 0.001232
18930, 0.001232
18940, 0.001099
18950, 0.001228
18960, 0.001232
18970, 0.001239
18980, 0.001246
18990, 0.001247
19000, 0.001258
19010, 0.001238
19020, 0.001254
19030, 0.001236
19040, 0.001254
19050, 0.001261
19060, 0.001247
19070, 0.001244
19080, 0.001242
19090, 0.001241
19100, 0.001247
19110, 0.001239
19120, 0.001117
19130, 0.001248
19140, 0.001242
19150, 0.001266
19160, 0.001245
19170, 0.001247
19180, 0.001264
19190, 0.001250
19200, 0.001252
19210, 0.001244
19220, 0.001253
19230, 0.001249
19240, 0.001246
19250, 0.001293
19260, 0.001256
19270, 0.001253
19280, 0.001249
19290, 0.001256
19300, 0.001300
19310, 0.001262
19320, 0.001261
19330, 0.001260
19340, 0.001279
19350, 0.001260
19360, 0.001259
19370, 0.001264
19380, 0.001141
19390, 0.001272
19400, 0.001265
19410, 0.001267
19420, 0.001263
19430, 0.001262
19440, 0.001265
19450, 0.001276
19460, 0.001277
19470, 0.001269
19480, 0.001274
19490, 0.001293
19500, 0.001267
19510, 0.001285
19520, 0.001288
19530, 0.001304
19540, 0.001267
19550, 0.001272
19560, 0.001279
19570, 0.001267
19580, 0.001277
19590, 0.001263
19600, 0.001273
19610, 0.001270
19620, 0.001283
19630, 0.001270
19640, 0.001275
19650, 0.001277
19660, 0.001282
19670, 0.001264
19680, 0.001270
19690, 0.001291
19700, 0.001271
19710, 0.001280
19720, 0.001279
19730, 0.001282
19740, 0.001279
19750, 0.001284
19760, 0.001284
19770, 0.001282
19780, 0.001286
19790, 0.001296
19800, 0.001283
19810, 0.001280
19820, 0.001288
19830, 0.001299
19840, 0.001281
19850, 0.001281
19860, 0.001288
19870, 0.001286
19880, 0.001288
19890, 0.001301
19900, 0.001280
19910, 0.001292
19920, 0.001290
19930, 0.001296
19940, 0.001293
19950, 0.001295
19960, 0.001284
19970, 0.001300
19980, 0.001284
19990, 0.001305
20000, 0.001288
20010, 0.001273
20020, 0.001296
20030, 0.001300
20040, 0.001304
20050, 0.001286
20060, 0.001302
20070, 0.001301
20080, 0.001387
20090, 0.001523
20100, 0.001603
20110, 0.001472
20120, 0.001833
20130, 0.001445
20140, 0.001211
20150, 0.001346
20160, 0.001378
20170, 0.001375
20180, 0.001199
20190, 0.001398
20200, 0.001400
20210, 0.001653
20220, 0.001399
20230, 0.001350
20240, 0.001352
20250, 0.001371
20260, 0.001376
20270, 0.001359
20280, 0.001371
20290, 0.001394
20300, 0.001369
20310, 0.001365
20320, 0.001361
20330, 0.001370
20340, 0.001394
20350, 0.001335
20360, 0.001340
20370, 0.001381
20380, 0.001370
20390, 0.001370
20400, 0.001413
20410, 0.001402
20420, 0.001374
20430, 0.001598
20440, 0.001355
20450, 0.001383
20460, 0.001661
20470, 0.001282
20480, 0.001245
20490, 0.001367
20500, 0.001385
20510, 0.001395
20520, 0.001374
20530, 0.001623
20540, 0.001355
20550, 0.001400
20560, 0.001456
20570, 0.001391
20580, 0.001218
20590, 0.001359
20600, 0.001386
20610, 0.001354
20620, 0.001220
20630, 0.001240
20640, 0.001402
20650, 0.001363
20660, 0.001226
20670, 0.001368
20680, 0.001347
20690, 0.001198
20700, 0.001352
20710, 0.001363
20720, 0.001340
20730, 0.001339
20740, 0.001359
20750, 0.001354
20760, 0.001338
20770, 0.001349
20780, 0.001356
20790, 0.001338
20800, 0.001338
20810, 0.001328
20820, 0.001336
20830, 0.001033
20840, 0.001339
20850, 0.001351
20860, 0.001326
20870, 0.001341
20880, 0.001345
20890, 0.001334
20900, 0.001393
20910, 0.001340
20920, 0.001199
20930, 0.001361
20940, 0.001335
20950, 0.001344
20960, 0.001352
20970, 0.001367
20980, 0.001343
20990, 0.001354
21000, 0.001364
21010, 0.001361
21020, 0.001329
21030, 0.001339
21040, 0.001352
21050, 0.001198
21060, 0.001341
21070, 0.001357
21080, 0.001220
21090, 0.001354
21100, 0.001388
21110, 0.001355
21120, 0.001365
21130, 0.001217
21140, 0.001360
21150, 0.001295
21160, 0.001333
21170, 0.001320
21180, 0.001326
21190, 0.001314
21200, 0.001315
21210, 0.001277
21220, 0.001256
21230, 0.001257
21240, 0.001300
21250, 0.001333
21260, 0.001343
21270, 0.001343
21280, 0.001383
21290, 0.001369
21300, 0.001362
21310, 0.001350
21320, 0.001364
21330, 0.001382
21340, 0.001368
21350, 0.001401
21360, 0.001422
21370, 0.001455
21380, 0.001517
21390, 0.001489
21400, 0.001354
21410, 0.001468
21420, 0.001415
21430, 0.001435
21440, 0.001410
21450, 0.001386
21460, 0.001398
21470, 0.001443
21480, 0.001406
21490, 0.001389
21500, 0.001399
21510, 0.001394
21520, 0.001233
21530, 0.001392
21540, 0.001380
21550, 0.001376
21560, 0.001398
21570, 0.001387
21580, 0.001393
21590, 0.001392
21600, 0.001387
21610, 0.001390
21620, 0.001391
21630, 0.001396
21640, 0.001393
21650, 0.001387
21660, 0.001409
21670, 0.001392
21680, 0.001404
21690, 0.001407
21700, 0.001224
21710, 0.001421
21720, 0.001389
21730, 0.001399
21740, 0.001400
21750, 0.001411
21760, 0.001420
21770, 0.001398
21780, 0.001417
21790, 0.001400
21800, 0.001400
21810, 0.001399
21820, 0.001402
21830, 0.001418
21840, 0.001428
21850, 0.001425
21860, 0.001430
21870, 0.001376
21880, 0.001405
21890, 0.001406
21900, 0.001412
21910, 0.001393
21920, 0.001401
21930, 0.001273
21940, 0.001433
21950, 0.001411
21960, 0.001249
21970, 0.001414
21980, 0.001394
21990, 0.001411
22000, 0.001417
22010, 0.001417
22020, 0.001428
22030, 0.001425
22040, 0.001395
22050, 0.001261
22060, 0.001426
22070, 0.001418
22080, 0.001424
22090, 0.001422
22100, 0.001415
22110, 0.001260
22120, 0.001419
22130, 0.001425
22140, 0.001457
22150, 0.001472
22160, 0.001466
22170, 0.001451
22180, 0.001470
22190, 0.001453
22200, 0.001450
22210, 0.001276
22220, 0.001492
22230, 0.001302
22240, 0.001480
22250, 0.001462
22260, 0.001466
22270, 0.001460
22280, 0.001467
22290, 0.001478
22300, 0.001484
22310, 0.001730
22320, 0.001456
22330, 0.001426
22340, 0.001414
22350, 0.001429
22360, 0.001547
22370, 0.001468
22380, 0.001320
22390, 0.001535
22400, 0.001476
22410, 0.001472
22420, 0.001507
22430, 0.001510
22440, 0.001489
22450, 0.001486
22460, 0.001516
22470, 0.001471
22480, 0.001474
22490, 0.001476
22500, 0.001474
22510, 0.001540
22520, 0.001486
22530, 0.001544
22540, 0.001339
22550, 0.001496
22560, 0.001364
22570, 0.001181
22580, 0.001474
22590, 0.001483
22600, 0.001508
22610, 0.001342
22620, 0.001506
22630, 0.001473
22640, 0.001496
22650, 0.001489
22660, 0.001709
22670, 0.001502
22680, 0.001535
22690, 0.001495
22700, 0.001538
22710, 0.001516
22720, 0.001552
22730, 0.001533
22740, 0.001606
22750, 0.001503
22760, 0.001527
22770, 0.001562
22780, 0.001494
22790, 0.001519
22800, 0.001472
22810, 0.001324
22820, 0.001493
22830, 0.001492
22840, 0.001481
22850, 0.001502
22860, 0.001505
22870, 0.001511
22880, 0.001516
22890, 0.001500
22900, 0.001490
22910, 0.001556
22920, 0.001618
22930, 0.001536
22940, 0.001534
22950, 0.001359
22960, 0.001514
22970, 0.001613
22980, 0.001512
22990, 0.001367
23000, 0.001518
23010, 0.001526
23020, 0.001508
23030, 0.001524
23040, 0.001528
23050, 0.001520
23060, 0.001576
23070, 0.001591
23080, 0.001371
23090, 0.001522
23100, 0.001529
23110, 0.001527
23120, 0.001544
23130, 0.001527
23140, 0.001544
23150, 0.001559
23160, 0.001343
23170, 0.001662
23180, 0.001556
23190, 0.001565
23200, 0.001216
23210, 0.001523
23220, 0.001537
23230, 0.001566
23240, 0.001539
23250, 0.001533
23260, 0.001356
23270, 0.001584
23280, 0.001595
23290, 0.001568
23300, 0.001372
23310, 0.001731
23320, 0.001739
23330, 0.001599
23340, 0.001788
23350, 0.001575
23360, 0.001564
23370, 0.001553
23380, 0.001556
23390, 0.001534
23400, 0.001394
23410, 0.001530
23420, 0.001562
23430, 0.001554
23440, 0.001584
23450, 0.001542
23460, 0.001561
23470, 0.001586
23480, 0.001550
23490, 0.001557
23500, 0.001589
23510, 0.001379
23520, 0.001625
23530, 0.001576
23540, 0.001715
23550, 0.001589
23560, 0.001562
23570, 0.001557
23580, 0.001579
23590, 0.001559
23600, 0.001571
23610, 0.001566
23620, 0.001568
23630, 0.001731
23640, 0.001390
23650, 0.001558
23660, 0.001579
23670, 0.001549
23680, 0.001632
23690, 0.001439
23700, 0.001609
23710, 0.001542
23720, 0.001558
23730, 0.001545
23740, 0.001580
23750, 0.001592
23760, 0.001609
23770, 0.001583
23780, 0.001618
23790, 0.001730
23800, 0.001904
23810, 0.001663
23820, 0.001641
23830, 0.001629
23840, 0.001626
23850, 0.001651
23860, 0.001635
23870, 0.001619
23880, 0.001640
23890, 0.001644
23900, 0.001601
23910, 0.001365
23920, 0.001616
23930, 0.001591
23940, 0.001612
23950, 0.001568
23960, 0.001551
23970, 0.001595
23980, 0.001409
23990, 0.001604
24000, 0.001571
24010, 0.001571
24020, 0.001600
24030, 0.001608
24040, 0.001634
24050, 0.001558
24060, 0.001577
24070, 0.001569
24080, 0.001577
24090, 0.001598
24100, 0.001576
24110, 0.001609
24120, 0.001583
24130, 0.001611
24140, 0.001412
24150, 0.001600
24160, 0.001602
24170, 0.001584
24180, 0.001621
24190, 0.001614
24200, 0.001617
24210, 0.001619
24220, 0.001594
24230, 0.001594
24240, 0.001616
24250, 0.001594
24260, 0.001607
24270, 0.001590
24280, 0.001601
24290, 0.001629
24300, 0.001600
24310, 0.001575
24320, 0.001591
24330, 0.001626
24340, 0.001599
24350, 0.001598
24360, 0.001537
24370, 0.001529
24380, 0.001556
24390, 0.001530
24400, 0.001194
24410, 0.001380
24420, 0.001550
24430, 0.001549
24440, 0.001553
24450, 0.001364
24460, 0.001571
24470, 0.001566
24480, 0.001544
24490, 0.001558
24500, 0.001568
24510, 0.001578
24520, 0.001577
24530, 0.001573
24540, 0.001546
24550, 0.001549
24560, 0.001557
24570, 0.001530
24580, 0.001528
24590, 0.001564
24600, 0.001564
24610, 0.001561
24620, 0.001542
24630, 0.001546
24640, 0.001533
24650, 0.001557
24660, 0.001544
24670, 0.001402
24680, 0.001539
24690, 0.001567
24700, 0.001199
24710, 0.001546
24720, 0.001375
24730, 0.001541
24740, 0.001530
24750, 0.001407
24760, 0.001362
24770, 0.001544
24780, 0.001691
24790, 0.001685
24800, 0.001690
24810, 0.001678
24820, 0.001481
24830, 0.001659
24840, 0.001601
24850, 0.001433
24860, 0.001416
24870, 0.001594
24880, 0.001611
24890, 0.001595
24900, 0.001609
24910, 0.001577
24920, 0.001578
24930, 0.001445
24940, 0.001417
24950, 0.001624
24960, 0.001626
24970, 0.001613
24980, 0.001596
24990, 0.001580
25000, 0.001615
25010, 0.001611
25020, 0.001627
25030, 0.001590
25040, 0.001589
25050, 0.001432
25060, 0.001613
25070, 0.001605
25080, 0.001607
25090, 0.001595
25100, 0.001428
25110, 0.001588
25120, 0.001433
25130, 0.001601
25140, 0.001614
25150, 0.001602
25160, 0.001592
25170, 0.001605
25180, 0.001598
25190, 0.001620
25200, 0.001616
25210, 0.001604
25220, 0.001621
25230, 0.001600
25240, 0.001615
25250, 0.001639
25260, 0.001613
25270, 0.001656
25280, 0.001648
25290, 0.001617
25300, 0.001637
25310, 0.001603
25320, 0.001612
25330, 0.001620
25340, 0.001632
25350, 0.001615
25360, 0.001620
25370, 0.001625
25380, 0.001619
25390, 0.001619
25400, 0.001440
25410, 0.001627
25420, 0.001637
25430, 0.001451
25440, 0.001623
25450, 0.001636
25460, 0.001625
25470, 0.001634
25480, 0.001646
25490, 0.001635
25500, 0.001633
25510, 0.001668
25520, 0.001611
25530, 0.001613
25540, 0.001636
25550, 0.001657
25560, 0.001444
25570, 0.001624
25580, 0.001642
25590, 0.001650
25600, 0.001636
25610, 0.001626
25620, 0.001631
25630, 0.001653
25640, 0.001630
25650, 0.001640
25660, 0.001643
25670, 0.001650
25680, 0.001685
25690, 0.001635
25700, 0.001654
25710, 0.001640
25720, 0.001642
25730, 0.001645
25740, 0.001445
25750, 0.001647
25760, 0.001649
25770, 0.001652
25780, 0.001655
25790, 0.001636
25800, 0.001639
25810, 0.001818
25820, 0.001845
25830, 0.002309
25840, 0.001689
25850, 0.002021
25860, 0.001683
25870, 0.001531
25880, 0.001719
25890, 0.001792
25900, 0.001745
25910, 0.001711
25920, 0.001679
25930, 0.001574
25940, 0.001722
25950, 0.001532
25960, 0.001753
25970, 0.001752
25980, 0.001668
25990, 0.001721
26000, 0.001695
26010, 0.002018
26020, 0.001764
26030, 0.001806
26040, 0.002157
26050, 0.001906
26060, 0.001878
26070, 0.001810
26080, 0.001803
26090, 0.001842
26100, 0.001786
26110, 0.001648
26120, 0.001702
26130, 0.001762
26140, 0.001971
26150, 0.002234
26160, 0.001599
26170, 0.001745
26180, 0.001615
26190, 0.001757
26200, 0.001579
26210, 0.001866
26220, 0.001746
26230, 0.001882
26240, 0.001861
26250, 0.001874
26260, 0.001827
26270, 0.001842
26280, 0.001840
26290, 0.001852
26300, 0.001854
26310, 0.001776
26320, 0.001673
26330, 0.001309
26340, 0.001670
26350, 0.001684
26360, 0.001738
26370, 0.001690
26380, 0.001725
26390, 0.001658
26400, 0.001929
26410, 0.001847
26420, 0.001844
26430, 0.001856
26440, 0.001808
26450, 0.001835
26460, 0.001622
26470, 0.001838
26480, 0.001859
26490, 0.001770
26500, 0.001830
26510, 0.001918
26520, 0.002136
26530, 0.002143
26540, 0.001858
26550, 0.001816
26560, 0.001817
26570, 0.001714
26580, 0.001805
26590, 0.001752
26600, 0.001748
26610, 0.001701
26620, 0.001708
26630, 0.001679
26640, 0.001500
26650, 0.001722
26660, 0.001768
26670, 0.001710
26680, 0.001696
26690, 0.001694
26700, 0.001695
26710, 0.001687
26720, 0.001697
26730, 0.001491
26740, 0.001702
26750, 0.001710
26760, 0.001502
26770, 0.001714
26780, 0.001686
26790, 0.001703
26800, 0.001695
26810, 0.001700
26820, 0.001704
26830, 0.001698
26840, 0.001706
26850, 0.001705
26860, 0.001693
26870, 0.001700
26880, 0.001717
26890, 0.001698
26900, 0.001698
26910, 0.001698
26920, 0.001729
26930, 0.001697
26940, 0.001707
26950, 0.001711
26960, 0.001682
26970, 0.001737
26980, 0.001701
26990, 0.001732
27000, 0.001735
27010, 0.001709
27020, 0.001708
27030, 0.001704
27040, 0.001706
27050, 0.001716
27060, 0.001709
27070, 0.001712
27080, 0.001523
27090, 0.001731
27100, 0.001728
27110, 0.001713
27120, 0.001710
27130, 0.001714
27140, 0.001710
27150, 0.001716
27160, 0.001722
27170, 0.001716
27180, 0.001714
27190, 0.001753
27200, 0.001723
27210, 0.001554
27220, 0.001531
27230, 0.001714
27240, 0.001745
27250, 0.001724
27260, 0.001732
27270, 0.001732
27280, 0.001755
27290, 0.001730
27300, 0.001716
27310, 0.001734
27320, 0.001730
27330, 0.001734
27340, 0.001736
27350, 0.001746
27360, 0.001740
27370, 0.001725
27380, 0.001545
27390, 0.001723
27400, 0.001738
27410, 0.001725
27420, 0.001726
27430, 0.001760
27440, 0.001734
27450, 0.001723
27460, 0.001730
27470, 0.001742
27480, 0.001549
27490, 0.001770
27500, 0.001731
27510, 0.001753
27520, 0.001757
27530, 0.001734
27540, 0.001746
27550, 0.001742
27560, 0.001755
27570, 0.001767
27580, 0.001736
27590, 0.001721
27600, 0.001760
27610, 0.001752
27620, 0.001540
27630, 0.001720
27640, 0.001740
27650, 0.001737
27660, 0.001726
27670, 0.001731
27680, 0.001778
27690, 0.001584
27700, 0.001715
27710, 0.001751
27720, 0.001760
27730, 0.001757
27740, 0.001752
27750, 0.001779
27760, 0.001745
27770, 0.001758
27780, 0.001749
27790, 0.001758
27800, 0.001768
27810, 0.001752
27820, 0.001752
27830, 0.001761
27840, 0.001572
27850, 0.001769
27860, 0.001789
27870, 0.001604
27880, 0.001799
27890, 0.001755
27900, 0.001792
27910, 0.001760
27920, 0.001760
27930, 0.001578
27940, 0.001762
27950, 0.001789
27960, 0.001744
27970, 0.001753
27980, 0.001805
27990, 0.001761
28000, 0.001793
28010, 0.001766
28020, 0.001552
28030, 0.001578
28040, 0.001764
28050, 0.001772
28060, 0.001752
28070, 0.001773
28080, 0.001771
28090, 0.001759
28100, 0.001592
28110, 0.001774
28120, 0.001777
28130, 0.001771
28140, 0.001762
28150, 0.001576
28160, 0.001801
28170, 0.001779
28180, 0.001764
28190, 0.001582
28200, 0.001794
28210, 0.001770
28220, 0.001777
28230, 0.001780
28240, 0.001793
28250, 0.001803
28260, 0.001577
28270, 0.001773
28280, 0.001812
28290, 0.001768
28300, 0.001781
28310, 0.001791
28320, 0.001805
28330, 0.001589
28340, 0.001595
28350, 0.001794
28360, 0.001803
28370, 0.001779
28380, 0.001793
28390, 0.001791
28400, 0.001770
28410, 0.001804
28420, 0.001780
28430, 0.001800
28440, 0.001828
28450, 0.001772
28460, 0.001584
28470, 0.001792
28480, 0.001816
28490, 0.001823
28500, 0.001813
28510, 0.001822
28520, 0.001769
28530, 0.001792
28540, 0.001824
28550, 0.001837
28560, 0.001620
28570, 0.001787
28580, 0.001867
28590, 0.001812
28600, 0.001809
28610, 0.001805
28620, 0.001796
28630, 0.001797
28640, 0.001808
28650, 0.001832
28660, 0.001809
28670, 0.001802
28680, 0.001808
28690, 0.001846
28700, 0.001801
28710, 0.001815
28720, 0.001816
28730, 0.001792
28740, 0.001820
28750, 0.001596
28760, 0.001800
28770, 0.001809
28780, 0.001802
28790, 0.001615
28800, 0.001624
28810, 0.001837
28820, 0.001622
28830, 0.001797
28840, 0.001830
28850, 0.001837
28860, 0.001816
28870, 0.001818
28880, 0.001852
28890, 0.001855
28900, 0.001657
28910, 0.001825
28920, 0.001822
28930, 0.001807
28940, 0.001833
28950, 0.001825
28960, 0.001863
28970, 0.001834
28980, 0.001854
28990, 0.001831
29000, 0.001819
29010, 0.001829
29020, 0.001820
29030, 0.001814
29040, 0.001831
29050, 0.001827
29060, 0.001830
29070, 0.001853
29080, 0.001826
29090, 0.001837
29100, 0.001852
29110, 0.001839
29120, 0.001841
29130, 0.001631
29140, 0.001855
29150, 0.001868
29160, 0.001863
29170, 0.001841
29180, 0.001850
29190, 0.001844
29200, 0.001852
29210, 0.001832
29220, 0.001855
29230, 0.001851
29240, 0.001835
29250, 0.001837
29260, 0.001852
29270, 0.001861
29280, 0.001838
29290, 0.001828
29300, 0.001841
29310, 0.001864
29320, 0.001838
29330, 0.001637
29340, 0.001640
29350, 0.001845
29360, 0.001832
29370, 0.001845
29380, 0.001677
29390, 0.001881
29400, 0.001836
29410, 0.001833
29420, 0.001864
29430, 0.001852
29440, 0.001652
29450, 0.001854
29460, 0.001844
29470, 0.001849
29480, 0.001833
29490, 0.001868
29500, 0.001851
29510, 0.001861
29520, 0.001845
29530, 0.001874
29540, 0.001841
29550, 0.001848
29560, 0.001849
29570, 0.001886
29580, 0.001890
29590, 0.001848
29600, 0.001889
29610, 0.001857
29620, 0.001858
29630, 0.001865
29640, 0.001846
29650, 0.001886
29660, 0.001881
29670, 0.001672
29680, 0.001865
29690, 0.001868
29700, 0.001889
29710, 0.001884
29720, 0.001864
29730, 0.001866
29740, 0.001865
29750, 0.001670
29760, 0.001860
29770, 0.001870
29780, 0.001884
29790, 0.001879
29800, 0.001861
29810, 0.001666
29820, 0.001866
29830, 0.001872
29840, 0.001665
29850, 0.001874
29860, 0.001864
29870, 0.001864
29880, 0.001875
29890, 0.001860
29900, 0.001886
29910, 0.001868
29920, 0.001886
29930, 0.001880
29940, 0.001896
29950, 0.001898
29960, 0.001899
29970, 0.001899
29980, 0.001881
29990, 0.001862
30000, 0.001847
30010, 0.001637
30020, 0.001885
30030, 0.001884
30040, 0.001880
30050, 0.001895
30060, 0.001892
30070, 0.001878
30080, 0.001938
30090, 0.001907
30100, 0.001875
30110, 0.001695
30120, 0.001919
30130, 0.001879
30140, 0.001934
30150, 0.001896
30160, 0.001884
30170, 0.001882
30180, 0.001941
30190, 0.001888
30200, 0.001937
30210, 0.001698
30220, 0.001886
30230, 0.001698
30240, 0.001903
30250, 0.001945
30260, 0.001913
30270, 0.001884
30280, 0.001894
30290, 0.001926
30300, 0.001706
30310, 0.001680
30320, 0.001933
30330, 0.001914
30340, 0.001924
30350, 0.001901
30360, 0.001921
30370, 0.001904
30380, 0.001901
30390, 0.001907
30400, 0.001887
30410, 0.001893
30420, 0.001918
30430, 0.001931
30440, 0.001937
30450, 0.001896
30460, 0.001931
30470, 0.001923
30480, 0.001913
30490, 0.001929
30500, 0.001930
30510, 0.001925
30520, 0.001923
30530, 0.001918
30540, 0.001908
30550, 0.001898
30560, 0.001929
30570, 0.001929
30580, 0.001954
30590, 0.001909
30600, 0.001717
30610, 0.001940
30620, 0.001912
30630, 0.001912
30640, 0.001923
30650, 0.001922
30660, 0.001926
30670, 0.001941
30680, 0.001719
30690, 0.001962
30700, 0.001929
30710, 0.001714
30720, 0.001955
30730, 0.001937
30740, 0.001920
30750, 0.001944
30760, 0.001703
30770, 0.001923
30780, 0.001936
30790, 0.001929
30800, 0.001934
30810, 0.001946
30820, 0.001961
30830, 0.001921
30840, 0.001960
30850, 0.001920
30860, 0.001709
30870, 0.001938
30880, 0.001925
30890, 0.001961
30900, 0.001943
30910, 0.001722
30920, 0.001962
30930, 0.001745
30940, 0.001957
30950, 0.001955
30960, 0.001951
30970, 0.001939
30980, 0.001731
30990, 0.001726
31000, 0.001945
31010, 0.001921
31020, 0.001965
31030, 0.001968
31040, 0.001943
31050, 0.001935
31060, 0.001955
31070, 0.001957
31080, 0.001947
31090, 0.001945
31100, 0.001736
31110, 0.001944
31120, 0.001946
31130, 0.001973
31140, 0.001960
31150, 0.001719
31160, 0.001964
31170, 0.001968
31180, 0.001976
31190, 0.001962
31200, 0.001957
31210, 0.001952
31220, 0.001961
31230, 0.001978
31240, 0.001951
31250, 0.001951
31260, 0.001947
31270, 0.001979
31280, 0.001973
31290, 0.001937
31300, 0.001972
31310, 0.001956
31320, 0.001965
31330, 0.001993
31340, 0.001985
31350, 0.001957
31360, 0.001990
31370, 0.001951
31380, 0.002015
31390, 0.001966
31400, 0.001972
31410, 0.001966
31420, 0.001967
31430, 0.002005
31440, 0.002000
31450, 0.001970
31460, 0.001984
31470, 0.001979
31480, 0.002032
31490, 0.001996
31500, 0.001966
31510, 0.001768
31520, 0.001981
31530, 0.001750
31540, 0.001975
31550, 0.001794
31560, 0.001984
31570, 0.001991
31580, 0.002004
31590, 0.001981
31600, 0.001977
31610, 0.002014
31620, 0.001969
31630, 0.001975
31640, 0.001983
31650, 0.002002
31660, 0.001999
31670, 0.001966
31680, 0.001984
31690, 0.001969
31700, 0.001986
31710, 0.001976
31720, 0.002000
31730, 0.001995
31740, 0.001750
31750, 0.001993
31760, 0.002014
31770, 0.001982
31780, 0.001944
31790, 0.001964
31800, 0.001958
31810, 0.001984
31820, 0.001968
31830, 0.001949
31840, 0.001952
31850, 0.001945
31860, 0.001960
31870, 0.001948
31880, 0.001974
31890, 0.001953
31900, 0.002003
31910, 0.001957
31920, 0.001847
31930, 0.002069
31940, 0.002099
31950, 0.002041
31960, 0.002080
31970, 0.002057
31980, 0.002078
31990, 0.002077
32000, 0.002072
32010, 0.002069
32020, 0.002056
32030, 0.001849
32040, 0.002070
32050, 0.002078
32060, 0.002062
32070, 0.002070
32080, 0.002076
32090, 0.002047
32100, 0.002097
32110, 0.002067
32120, 0.002065
32130, 0.002060
32140, 0.002078
32150, 0.002058
32160, 0.002109
32170, 0.002079
32180, 0.002152
32190, 0.002081
32200, 0.002084
32210, 0.002073
32220, 0.002080
32230, 0.002070
32240, 0.002075
32250, 0.002064
32260, 0.002062
32270, 0.002113
32280, 0.002090
32290, 0.002078
32300, 0.002072
32310, 0.002024
32320, 0.002039
32330, 0.002021
32340, 0.002022
32350, 0.002040
32360, 0.002007
32370, 0.002028
32380, 0.002057
32390, 0.002016
32400, 0.002058
32410, 0.001780
32420, 0.002011
32430, 0.002005
32440, 0.001995
32450, 0.002038
32460, 0.002024
32470, 0.002004
32480, 0.002029
32490, 0.001981
32500, 0.002037
32510, 0.002041
32520, 0.001797
32530, 0.002029
32540, 0.002060
32550, 0.002035
32560, 0.002035
32570, 0.002041
32580, 0.002040
32590, 0.002018
32600, 0.002040
32610, 0.002008
32620, 0.002013
32630, 0.002056
32640, 0.002031
32650, 0.002048
32660, 0.002055
32670, 0.001822
32680, 0.002039
32690, 0.002047
32700, 0.002028
32710, 0.002009
32720, 0.002021
32730, 0.002079
32740, 0.002074
32750, 0.001832
32760, 0.002025
32770, 0.001803
32780, 0.001785
32790, 0.001805
32800, 0.002062
32810, 0.002066
32820, 0.002043
32830, 0.002031
32840, 0.002035
32850, 0.002031
32860, 0.002089
32870, 0.001806
32880, 0.001769
32890, 0.002057
32900, 0.002066
32910, 0.001800
32920, 0.002069
32930, 0.002045
32940, 0.002072
32950, 0.002030
32960, 0.002052
32970, 0.002052
32980, 0.002028
32990, 0.002043
33000, 0.002074
33010, 0.002069
33020, 0.002030
33030, 0.002043
33040, 0.002050
33050, 0.002064
33060, 0.001846
33070, 0.002031
33080, 0.002052
33090, 0.002051
33100, 0.002028
33110, 0.001848
33120, 0.002024
33130, 0.001587
33140, 0.002037
33150, 0.002046
33160, 0.002041
33170, 0.002038
33180, 0.002025
33190, 0.002035
33200, 0.002061
33210, 0.001748
33220, 0.001948
33230, 0.001970
33240, 0.001954
33250, 0.001764
33260, 0.001958
33270, 0.001767
33280, 0.001958
33290, 0.001979
33300, 0.001778
33310, 0.001995
33320, 0.001963
33330, 0.001967
33340, 0.001979
33350, 0.001975
33360, 0.001988
33370, 0.001973
33380, 0.001985
33390, 0.001995
33400, 0.001993
33410, 0.002000
33420, 0.001982
33430, 0.001984
33440, 0.001987
33450, 0.001981
33460, 0.001971
33470, 0.001988
33480, 0.001983
33490, 0.001763
33500, 0.001975
33510, 0.001992
33520, 0.001988
33530, 0.001993
33540, 0.002001
33550, 0.001997
33560, 0.001998
33570, 0.001973
33580, 0.002009
33590, 0.001986
33600, 0.001989
33610, 0.001999
33620, 0.001769
33630, 0.001994
33640, 0.001995
33650, 0.001992
33660, 0.002003
33670, 0.002006
33680, 0.001806
33690, 0.001995
33700, 0.001989
33710, 0.002000
33720, 0.002009
33730, 0.001779
33740, 0.002023
33750, 0.002021
33760, 0.002015
33770, 0.002007
33780, 0.002010
33790, 0.002002
33800, 0.001986
33810, 0.002001
33820, 0.002007
33830, 0.002023
33840, 0.001999
33850, 0.001807
33860, 0.001997
33870, 0.002008
33880, 0.001794
33890, 0.001578
33900, 0.002025
33910, 0.002013
33920, 0.002034
33930, 0.002010
33940, 0.001999
33950, 0.001781
33960, 0.001792
33970, 0.002010
33980, 0.002033
33990, 0.002010
34000, 0.002077
34010, 0.002001
34020, 0.002046
34030, 0.002032
34040, 0.001566
34050, 0.001582
34060, 0.002020
34070, 0.002017
34080, 0.002014
34090, 0.002028
34100, 0.002019
34110, 0.002049
34120, 0.002045
34130, 0.001816
34140, 0.002020
34150, 0.002014
34160, 0.002003
34170, 0.002039
34180, 0.002074
34190, 0.002054
34200, 0.002056
34210, 0.002054
34220, 0.002055
34230, 0.002035
34240, 0.002040
34250, 0.002056
34260, 0.002066
34270, 0.002039
34280, 0.002048
34290, 0.002107
34300, 0.002052
34310, 0.002090
34320, 0.001835
34330, 0.002087
34340, 0.001818
34350, 0.002078
34360, 0.001837
34370, 0.002102
34380, 0.001854
34390, 0.002088
34400, 0.001859
34410, 0.002107
34420, 0.002081
34430, 0.001853
34440, 0.002065
34450, 0.002121
34460, 0.002078
34470, 0.002086
34480, 0.001865
34490, 0.001825
34500, 0.002103
34510, 0.002054
34520, 0.002136
34530, 0.002115
34540, 0.002068
34550, 0.002094
34560, 0.001861
34570, 0.002092
34580, 0.002076
34590, 0.002070
34600, 0.002079
34610, 0.002078
34620, 0.002113
34630, 0.002078
34640, 0.002092
34650, 0.001860
34660, 0.002098
34670, 0.002094
34680, 0.002064
34690, 0.001833
34700, 0.002131
34710, 0.002083
34720, 0.002116
34730, 0.002106
34740, 0.001857
34750, 0.002136
34760, 0.002128
34770, 0.001864
34780, 0.002053
34790, 0.001838
34800, 0.002058
34810, 0.001875
34820, 0.002134
34830, 0.002085
34840, 0.002090
34850, 0.002081
34860, 0.001879
34870, 0.002091
34880, 0.002084
34890, 0.002116
34900, 0.001856
34910, 0.002110
34920, 0.002101
34930, 0.002110
34940, 0.001913
34950, 0.001854
34960, 0.002130
34970, 0.002119
34980, 0.001886
34990, 0.002118
35000, 0.001866
35010, 0.002125
35020, 0.001892
35030, 0.002089
35040, 0.001869
35050, 0.002139
35060, 0.002098
35070, 0.002101
35080, 0.002086
35090, 0.002138
35100, 0.002070
35110, 0.001910
35120, 0.002151
35130, 0.002110
35140, 0.001646
35150, 0.002064
35160, 0.002098
35170, 0.002074
35180, 0.002077
35190, 0.002069
35200, 0.002088
35210, 0.002055
35220, 0.002096
35230, 0.002075
35240, 0.002092
35250, 0.002105
35260, 0.002080
35270, 0.001831
35280, 0.002102
35290, 0.002090
35300, 0.002071
35310, 0.002100
35320, 0.002116
35330, 0.002056
35340, 0.002103
35350, 0.002106
35360, 0.002102
35370, 0.002074
35380, 0.001628
35390, 0.002088
35400, 0.002126
35410, 0.002128
35420, 0.002076
35430, 0.002094
35440, 0.002088
35450, 0.002097
35460, 0.002094
35470, 0.002074
35480, 0.002091
35490, 0.002134
35500, 0.001890
35510, 0.002082
35520, 0.002125
35530, 0.002079
35540, 0.002108
35550, 0.002100
35560, 0.002111
35570, 0.002144
35580, 0.002096
35590, 0.001870
35600, 0.002094
35610, 0.002093
35620, 0.002092
35630, 0.002117
35640, 0.002108
35650, 0.002152
35660, 0.002105
35670, 0.002100
35680, 0.002096
35690, 0.002110
35700, 0.002116
35710, 0.002140
35720, 0.002163
35730, 0.002144
35740, 0.002194
35750, 0.002164
35760, 0.002140
35770, 0.002155
35780, 0.002128
35790, 0.002146
35800, 0.002169
35810, 0.002181
35820, 0.002187
35830, 0.002161
35840, 0.002153
35850, 0.002188
35860, 0.001930
35870, 0.002173
35880, 0.001687
35890, 0.002134
35900, 0.002153
35910, 0.002129
35920, 0.002142
35930, 0.002212
35940, 0.002129
35950, 0.002156
35960, 0.002156
35970, 0.002188
35980, 0.002168
35990, 0.002145
36000, 0.002169
36010, 0.002184
36020, 0.002160
36030, 0.002152
36040, 0.002152
36050, 0.002169
36060, 0.002169
36070, 0.002130
36080, 0.002126
36090, 0.002123
36100, 0.002116
36110, 0.002175
36120, 0.002199
36130, 0.001937
36140, 0.002179
36150, 0.002188
36160, 0.002150
36170, 0.002173
36180, 0.001899
36190, 0.002160
36200, 0.002197
36210, 0.002135
36220, 0.001917
36230, 0.002167
36240, 0.002137
36250, 0.002152
36260, 0.002157
36270, 0.002155
36280, 0.002147
36290, 0.002127
36300, 0.001914
36310, 0.002116
36320, 0.002167
36330, 0.002142
36340, 0.002173
36350, 0.002150
36360, 0.002159
36370, 0.002166
36380, 0.002140
36390, 0.002188
36400, 0.002155
36410, 0.002136
36420, 0.002166
36430, 0.002141
36440, 0.002167
36450, 0.002142
36460, 0.002143
36470, 0.002151
36480, 0.002158
36490, 0.002128
36500, 0.002165
36510, 0.002148
36520, 0.002181
36530, 0.002150
365