10, 0.000000
20, 0.000004
30, 0.000012
40, 0.000017
50, 0.000024
60, 0.000014
70, 0.000014
80, 0.000000
90, 0.000006
100, 0.000071
110, 0.000087
120, 0.000097
130, 0.000098
140, 0.000063
150, 0.000000
160, 0.000042
170, 0.000185
180, 0.000208
190, 0.000229
200, 0.000227
210, 0.000260
220, 0.000264
230, 0.000210
240, 0.000184
250, 0.000370
260, 0.000387
270, 0.000409
280, 0.000537
290, 0.000171
300, 0.000485
310, 0.000599
320, 0.000621
330, 0.000586
340, 0.000335
350, 0.000625
360, 0.000780
370, 0.000802
380, 0.000778
390, 0.000889
400, 0.000790
410, 0.001028
420, 0.000953
430, 0.001109
440, 0.001145
450, 0.001052
460, 0.001088
470, 0.001114
480, 0.001246
490, 0.001226
500, 0.001232
510, 0.001095
520, 0.001409
530, 0.001655
540, 0.001643
550, 0.001321
560, 0.001585
570, 0.001656
580, 0.001878
590, 0.001702
600, 0.001777
610, 0.001845
620, 0.001981
630, 0.002149
640, 0.002133
650, 0.002334
660, 0.002460
670, 0.002285
680, 0.002143
690, 0.002534
700, 0.002509
710, 0.002592
720, 0.002696
730, 0.002992
740, 0.002347
750, 0.002936
760, 0.003081
770, 0.002964
780, 0.003213
790, 0.003166
800, 0.003177
810, 0.003744
820, 0.002639
830, 0.003677
840, 0.003707
850, 0.003682
860, 0.004026
870, 0.002923
880, 0.003958
890, 0.004101
900, 0.004208
910, 0.004116
920, 0.004212
930, 0.004794
940, 0.004380
950, 0.004362
960, 0.004784
970, 0.005098
980, 0.004922
990, 0.004818
1000, 0.005109
1010, 0.005126
1020, 0.005734
1030, 0.006092
1040, 0.005656
1050, 0.005521
1060, 0.005497
1070, 0.005906
1080, 0.006190
1090, 0.006120
1100, 0.006257
1110, 0.005671
1120, 0.006246
1130, 0.006402
1140, 0.006607
1150, 0.006705
1160, 0.006962
1170, 0.007136
1180, 0.007386
1190, 0.006959
1200, 0.007697
1210, 0.007663
1220, 0.007625
1230, 0.007825
1240, 0.007863
1250, 0.007986
1260, 0.008102
1270, 0.008142
1280, 0.008505
1290, 0.008467
1300, 0.009480
1310, 0.008637
1320, 0.008572
1330, 0.009011
1340, 0.008778
1350, 0.009155
1360, 0.009089
1370, 0.009359
1380, 0.008667
1390, 0.009614
1400, 0.009660
1410, 0.009851
1420, 0.011079
1430, 0.010966
1440, 0.012034
1450, 0.011285
1460, 0.009541
1470, 0.011602
1480, 0.011237
1490, 0.011310
1500, 0.011552
1510, 0.010691
1520, 0.012003
1530, 0.012355
1540, 0.012481
1550, 0.014022
1560, 0.013876
1570, 0.013894
1580, 0.014689
1590, 0.013524
1600, 0.013330
1610, 0.013353
1620, 0.013394
1630, 0.013502
1640, 0.013487
1650, 0.014130
1660, 0.014314
1670, 0.014433
1680, 0.014942
1690, 0.015198
1700, 0.015613
1710, 0.013701
1720, 0.015416
1730, 0.015621
1740, 0.015752
1750, 0.015498
1760, 0.015544
1770, 0.015543
1780, 0.015723
1790, 0.015860
1800, 0.014279
1810, 0.016458
1820, 0.014700
1830, 0.016828
1840, 0.016836
1850, 0.017167
1860, 0.017327
1870, 0.018088
1880, 0.018628
1890, 0.018903
1900, 0.019239
1910, 0.019272
1920, 0.019429
1930, 0.019940
1940, 0.020075
1950, 0.020305
1960, 0.020428
1970, 0.020568
1980, 0.020591
1990, 0.018556
2000, 0.021041
2010, 0.021051
2020, 0.019027
2030, 0.021495
2040, 0.021832
2050, 0.022078
2060, 0.022172
2070, 0.022448
2080, 0.022856
2090, 0.022920
2100, 0.023183
2110, 0.023433
2120, 0.023786
2130, 0.023872
2140, 0.024065
2150, 0.024190
2160, 0.024640
2170, 0.024853
2180, 0.024991
2190, 0.025509
2200, 0.025517
2210, 0.025578
2220, 0.023155
2230, 0.026081
2240, 0.026535
2250, 0.026624
2260, 0.027125
2270, 0.027805
2280, 0.030965
2290, 0.027821
2300, 0.028178
2310, 0.028435
2320, 0.030396
2330, 0.029152
2340, 0.026148
2350, 0.029813
2360, 0.029674
2370, 0.030027
2380, 0.030338
2390, 0.030490
2400, 0.030459
2410, 0.031036
2420, 0.031594
2430, 0.031747
2440, 0.031893
2450, 0.031992
2460, 0.032242
2470, 0.032749
2480, 0.032954
2490, 0.033167
2500, 0.033366
2510, 0.034190
2520, 0.034178
2530, 0.034528
2540, 0.034220
2550, 0.034699
2560, 0.034951
2570, 0.035530
2580, 0.036092
2590, 0.032277
2600, 0.036528
2610, 0.036556
2620, 0.036741
2630, 0.037141
2640, 0.037357
2650, 0.037592
2660, 0.037803
2670, 0.038119
2680, 0.038745
2690, 0.038945
2700, 0.039302
2710, 0.039613
2720, 0.039840
2730, 0.040381
2740, 0.040583
2750, 0.041018
2760, 0.037590
2770, 0.040960
2780, 0.041544
2790, 0.041456
2800, 0.042244
2810, 0.042195
2820, 0.042496
2830, 0.043185
2840, 0.043340
2850, 0.043657
2860, 0.043867
2870, 0.044231
2880, 0.044607
2890, 0.044822
2900, 0.045430
2910, 0.045651
2920, 0.045955
2930, 0.046074
2940, 0.045993
2950, 0.047047
2960, 0.047080
2970, 0.047619
2980, 0.047324
2990, 0.047617
3000, 0.048185
3010, 0.048553
3020, 0.049011
3030, 0.049456
3040, 0.049811
3050, 0.050226
3060, 0.050432
3070, 0.050941
3080, 0.050489
3090, 0.050901
3100, 0.051606
3110, 0.052521
3120, 0.052598
3130, 0.053410
3140, 0.052826
3150, 0.053186
3160, 0.053351
3170, 0.054664
3180, 0.055134
3190, 0.055123
3200, 0.055272
3210, 0.055998
3220, 0.056007
3230, 0.056328
3240, 0.056589
3250, 0.057050
3260, 0.057336
3270, 0.057574
3280, 0.057660
3290, 0.057819
3300, 0.058426
3310, 0.058904
3320, 0.060731
3330, 0.060651
3340, 0.060289
3350, 0.060359
3360, 0.060809
3370, 0.061286
3380, 0.062195
3390, 0.059316
3400, 0.062699
3410, 0.062449
3420, 0.062572
3430, 0.063107
3440, 0.060238
3450, 0.064086
3460, 0.064594
3470, 0.065451
3480, 0.065248
3490, 0.065424
3500, 0.066120
3510, 0.066222
3520, 0.065941
3530, 0.066784
3540, 0.067284
3550, 0.067635
3560, 0.068379
3570, 0.068516
3580, 0.068999
3590, 0.069190
3600, 0.069677
3610, 0.070101
3620, 0.071119
3630, 0.068313
3640, 0.070117
3650, 0.071256
3660, 0.072508
3670, 0.072867
3680, 0.073394
3690, 0.072919
3700, 0.073439
3710, 0.074782
3720, 0.074972
3730, 0.075103
3740, 0.075321
3750, 0.075641
3760, 0.076438
3770, 0.076322
3780, 0.077013
3790, 0.077784
3800, 0.078169
3810, 0.078419
3820, 0.078902
3830, 0.079096
3840, 0.079279
3850, 0.080209
3860, 0.078583
3870, 0.081805
3880, 0.082142
3890, 0.079293
3900, 0.082085
3910, 0.082626
3920, 0.082679
3930, 0.083967
3940, 0.084315
3950, 0.084159
3960, 0.084154
3970, 0.084923
3980, 0.085747
3990, 0.085588
4000, 0.085658
4010, 0.086576
4020, 0.087190
4030, 0.087549
4040, 0.088092
4050, 0.088342
4060, 0.089489
4070, 0.090475
4080, 0.089843
4090, 0.089980
4100, 0.090784
4110, 0.091344
4120, 0.092656
4130, 0.092532
4140, 0.093006
4150, 0.092771
4160, 0.093654
4170, 0.094550
4180, 0.095249
4190, 0.094890
4200, 0.094832
4210, 0.093837
4220, 0.096372
4230, 0.096362
4240, 0.098793
4250, 0.097909
4260, 0.098360
4270, 0.098776
4280, 0.099401
4290, 0.095281
4300, 0.099674
4310, 0.100688
4320, 0.101185
4330, 0.100857
4340, 0.101647
4350, 0.102709
4360, 0.102750
4370, 0.102940
4380, 0.098830
4390, 0.104039
4400, 0.104472
4410, 0.105865
4420, 0.105062
4430, 0.105810
4440, 0.106202
4450, 0.106431
4460, 0.106797
4470, 0.107812
4480, 0.108164
4490, 0.108629
4500, 0.108858
4510, 0.107208
4520, 0.110245
4530, 0.110857
4540, 0.111099
4550, 0.111703
4560, 0.111747
4570, 0.112439
4580, 0.111904
4590, 0.113755
4600, 0.114184
4610, 0.114176
4620, 0.115134
4630, 0.114573
4640, 0.115450
4650, 0.116862
4660, 0.116990
4670, 0.117511
4680, 0.117799
4690, 0.118508
4700, 0.118504
4710, 0.119030
4720, 0.120109
4730, 0.120360
4740, 0.120948
4750, 0.119358
4760, 0.121746
4770, 0.122254
4780, 0.122735
4790, 0.123457
4800, 0.124425
4810, 0.125253
4820, 0.124874
4830, 0.124711
4840, 0.126096
4850, 0.126892
4860, 0.127729
4870, 0.127239
4880, 0.128832
4890, 0.129215
4900, 0.129954
4910, 0.129852
4920, 0.128742
4930, 0.131492
4940, 0.131645
4950, 0.131801
4960, 0.129395
4970, 0.132335
4980, 0.133482
4990, 0.134275
5000, 0.135354
5010, 0.135330
5020, 0.136198
5030, 0.136457
5040, 0.137533
5050, 0.138066
5060, 0.137279
5070, 0.135642
5080, 0.137838
5090, 0.139100
5100, 0.139948
5110, 0.140861
5120, 0.141869
5130, 0.142073
5140, 0.143120
5150, 0.143512
5160, 0.143272
5170, 0.144308
5180, 0.144899
5190, 0.146215
5200, 0.145759
5210, 0.144559
5220, 0.147037
5230, 0.147660
5240, 0.147343
5250, 0.148228
5260, 0.148102
5270, 0.149895
5280, 0.147525
5290, 0.150079
5300, 0.151776
5310, 0.151747
5320, 0.152164
5330, 0.153247
5340, 0.154440
5350, 0.153871
5360, 0.151176
5370, 0.155412
5380, 0.156778
5390, 0.157180
5400, 0.156597
5410, 0.155077
5420, 0.158316
5430, 0.159987
5440, 0.160512
5450, 0.160102
5460, 0.158440
5470, 0.160097
5480, 0.161576
5490, 0.161025
5500, 0.163018
5510, 0.162657
5520, 0.163788
5530, 0.164524
5540, 0.165597
5550, 0.166942
5560, 0.166613
5570, 0.167749
5580, 0.167532
5590, 0.167987
5600, 0.169500
5610, 0.167998
5620, 0.170259
5630, 0.170254
5640, 0.171111
5650, 0.171592
5660, 0.172808
5670, 0.172840
5680, 0.174115
5690, 0.173914
5700, 0.174615
5710, 0.174681
5720, 0.176215
5730, 0.175706
5740, 0.177388
5750, 0.179022
5760, 0.178249
5770, 0.178519
5780, 0.180875
5790, 0.179929
5800, 0.180067
5810, 0.179671
5820, 0.182404
5830, 0.182869
5840, 0.184328
5850, 0.184304
5860, 0.184738
5870, 0.185425
5880, 0.184241
5890, 0.186946
5900, 0.187677
5910, 0.189000
5920, 0.187601
5930, 0.186220
5940, 0.190529
5950, 0.189835
5960, 0.190992
5970, 0.191812
5980, 0.194145
5990, 0.194397
6000, 0.194344
6010, 0.194628
6020, 0.196520
6030, 0.194915
6040, 0.195943
6050, 0.196055
6060, 0.197804
6070, 0.198158
6080, 0.198440
6090, 0.200031
6100, 0.199962
6110, 0.201701
6120, 0.199668
6130, 0.203197
6140, 0.203695
6150, 0.203820
6160, 0.204968
6170, 0.204911
6180, 0.207081
6190, 0.206554
6200, 0.206517
6210, 0.208284
6220, 0.209349
6230, 0.206488
6240, 0.209484
6250, 0.210515
6260, 0.211027
6270, 0.211131
6280, 0.212370
6290, 0.213822
6300, 0.214689
6310, 0.214102
6320, 0.214946
6330, 0.216158
6340, 0.215895
6350, 0.216860
6360, 0.217526
6370, 0.218703
6380, 0.219525
6390, 0.219864
6400, 0.221629
6410, 0.221411
6420, 0.221819
6430, 0.221622
6440, 0.223998
6450, 0.223421
6460, 0.225133
6470, 0.225403
6480, 0.224942
6490, 0.226928
6500, 0.227285
6510, 0.235403
6520, 0.230716
6530, 0.232651
6540, 0.233143
6550, 0.234633
6560, 0.234396
6570, 0.234566
6580, 0.234020
6590, 0.233976
6600, 0.235799
6610, 0.236096
6620, 0.237530
6630, 0.238756
6640, 0.236266
6650, 0.236546
6660, 0.239135
6670, 0.236575
6680, 0.240441
6690, 0.240768
6700, 0.243385
6710, 0.243842
6720, 0.242165
6730, 0.244242
6740, 0.244186
6750, 0.245916
6760, 0.246296
6770, 0.248763
6780, 0.247178
6790, 0.248133
6800, 0.250326
6810, 0.251343
6820, 0.249731
6830, 0.251827
6840, 0.250347
6850, 0.252861
6860, 0.253257
6870, 0.254590
6880, 0.255264
6890, 0.257364
6900, 0.256228
6910, 0.255446
6920, 0.257928
6930, 0.255446
6940, 0.259450
6950, 0.261141
6960, 0.260082
6970, 0.262089
6980, 0.262760
6990, 0.260967
7000, 0.264663
7010, 0.266466
7020, 0.264957
7030, 0.264987
7040, 0.266242
7050, 0.266620
7060, 0.268119
7070, 0.269471
7080, 0.267150
7090, 0.269896
7100, 0.271977
7110, 0.272112
7120, 0.273005
7130, 0.271735
7140, 0.274189
7150, 0.274649
7160, 0.274927
7170, 0.273193
7180, 0.277745
7190, 0.276251
7200, 0.278199
7210, 0.279680
7220, 0.281054
7230, 0.283701
7240, 0.283766
7250, 0.283130
7260, 0.283697
7270, 0.283423
7280, 0.288255
7290, 0.286448
7300, 0.287815
7310, 0.293403
7320, 0.294780
7330, 0.262714
7340, 0.266621
7350, 0.265164
7360, 0.267483
7370, 0.269033
7380, 0.269162
7390, 0.270582
7400, 0.270852
7410, 0.272313
7420, 0.276168
7430, 0.276065
7440, 0.276473
7450, 0.277029
7460, 0.279231
7470, 0.279393
7480, 0.279972
7490, 0.282586
7500, 0.283086
7510, 0.283282
7520, 0.283292
7530, 0.285714
7540, 0.284472
7550, 0.287096
7560, 0.287581
7570, 0.288804
7580, 0.289708
7590, 0.289256
7600, 0.289972
7610, 0.293187
7620, 0.292984
7630, 0.293468
7640, 0.294309
7650, 0.295167
7660, 0.294465
7670, 0.296653
7680, 0.297591
7690, 0.297189
7700, 0.298711
7710, 0.301442
7720, 0.296032
7730, 0.298983
7740, 0.301913
7750, 0.303057
7760, 0.302783
7770, 0.306109
7780, 0.304710
7790, 0.304910
7800, 0.306372
7810, 0.308462
7820, 0.307830
7830, 0.308292
7840, 0.310900
7850, 0.309924
7860, 0.312077
7870, 0.311668
7880, 0.313572
7890, 0.312656
7900, 0.313619
7910, 0.314404
7920, 0.315615
7930, 0.315361
7940, 0.316596
7950, 0.316828
7960, 0.318464
7970, 0.320617
7980, 0.320492
7990, 0.322340
8000, 0.321041
8010, 0.324123
8020, 0.324304
8030, 0.325250
8040, 0.324844
8050, 0.326247
8060, 0.326650
8070, 0.328174
8080, 0.328198
8090, 0.330163
8100, 0.329177
8110, 0.335560
8120, 0.333717
8130, 0.331444
8140, 0.332474
8150, 0.332060
8160, 0.335344
8170, 0.336247
8180, 0.337048
8190, 0.337788
8200, 0.342097
8210, 0.342727
8220, 0.343779
8230, 0.342231
8240, 0.341328
8250, 0.345688
8260, 0.343662
8270, 0.345409
8280, 0.346958
8290, 0.347610
8300, 0.349770
8310, 0.349117
8320, 0.348447
8330, 0.348099
8340, 0.351124
8350, 0.349631
8360, 0.352285
8370, 0.353778
8380, 0.354474
8390, 0.354674
8400, 0.358071
8410, 0.357546
8420, 0.358281
8430, 0.357673
8440, 0.359061
8450, 0.360521
8460, 0.361114
8470, 0.361487
8480, 0.360820
8490, 0.361291
8500, 0.362998
8510, 0.363446
8520, 0.365454
8530, 0.364636
8540, 0.367307
8550, 0.370722
8560, 0.371127
8570, 0.372778
8580, 0.372373
8590, 0.373369
8600, 0.372223
8610, 0.376422
8620, 0.377509
8630, 0.373824
8640, 0.379257
8650, 0.381592
8660, 0.382119
8670, 0.381055
8680, 0.382995
8690, 0.383503
8700, 0.387038
8710, 0.388924
8720, 0.386168
8730, 0.389093
8740, 0.389605
8750, 0.387627
8760, 0.390724
8770, 0.391277
8780, 0.391361
8790, 0.393191
8800, 0.394645
8810, 0.397203
8820, 0.397664
8830, 0.399848
8840, 0.400177
8850, 0.401656
8860, 0.400950
8870, 0.403369
8880, 0.403908
8890, 0.405396
8900, 0.406930
8910, 0.407628
8920, 0.406578
8930, 0.408881
8940, 0.409834
8950, 0.409824
8960, 0.412370
8970, 0.412318
8980, 0.414203
8990, 0.412900
9000, 0.415356
9010, 0.416611
9020, 0.417759
9030, 0.417696
9040, 0.415684
9050, 0.419817
9060, 0.421757
9070, 0.420811
9080, 0.429728
9090, 0.424542
9100, 0.426647
9110, 0.425234
9120, 0.428088
9130, 0.428244
9140, 0.425673
9150, 0.429126
9160, 0.430540
9170, 0.432440
9180, 0.433147
9190, 0.435082
9200, 0.435704
9210, 0.436864
9220, 0.436753
9230, 0.438172
9240, 0.436658
9250, 0.440003
9260, 0.440163
9270, 0.441942
9280, 0.444099
9290, 0.441322
9300, 0.442526
9310, 0.444362
9320, 0.445430
9330, 0.446045
9340, 0.447375
9350, 0.449231
9360, 0.449885
9370, 0.451533
9380, 0.455927
9390, 0.456151
9400, 0.455272
9410, 0.454593
9420, 0.455166
9430, 0.454630
9440, 0.457562
9450, 0.458659
9460, 0.456229
9470, 0.459363
9480, 0.464412
9490, 0.463510
9500, 0.463899
9510, 0.464486
9520, 0.464561
9530, 0.467729
9540, 0.466728
9550, 0.467682
9560, 0.468047
9570, 0.471340
9580, 0.471210
9590, 0.470289
9600, 0.471001
9610, 0.473279
9620, 0.473485
9630, 0.471855
9640, 0.476615
9650, 0.475982
9660, 0.478352
9670, 0.483731
9680, 0.482919
9690, 0.482305
9700, 0.483377
9710, 0.483314
9720, 0.484992
9730, 0.483826
9740, 0.488273
9750, 0.487165
9760, 0.487790
9770, 0.489418
9780, 0.489415
9790, 0.490834
9800, 0.492703
9810, 0.492577
9820, 0.493802
9830, 0.494297
9840, 0.495805
9850, 0.500937
9860, 0.498702
9870, 0.501087
9880, 0.496893
9890, 0.501131
9900, 0.502900
9910, 0.502976
9920, 0.503246
9930, 0.507740
9940, 0.507832
9950, 0.508035
9960, 0.507378
9970, 0.508642
9980, 0.509454
9990, 0.509258
10000, 0.510327
10010, 0.513402
10020, 0.513493
10030, 0.524743
10040, 0.519272
10050, 0.519769
10060, 0.520251
10070, 0.519778
10080, 0.520309
10090, 0.522132
10100, 0.522290
10110, 0.523418
10120, 0.524542
10130, 0.525527
10140, 0.527690
10150, 0.528678
10160, 0.531347
10170, 0.529662
10180, 0.530037
10190, 0.532167
10200, 0.537501
10210, 0.534397
10220, 0.535871
10230, 0.536699
10240, 0.538337
10250, 0.539221
10260, 0.537769
10270, 0.541416
10280, 0.540255
10290, 0.544160
10300, 0.543426
10310, 0.544372
10320, 0.542686
10330, 0.545826
10340, 0.547202
10350, 0.549045
10360, 0.555152
10370, 0.552318
10380, 0.553058
10390, 0.554768
10400, 0.554037
10410, 0.558293
10420, 0.554698
10430, 0.558631
10440, 0.616369
10450, 0.616339
10460, 0.613372
10470, 0.613425
10480, 0.611618
10490, 0.613508
10500, 0.611071
10510, 0.621827
10520, 0.616327
10530, 0.612667
10540, 0.615706
10550, 0.614307
10560, 0.615179
10570, 0.615048
10580, 0.616374
10590, 0.614641
10600, 0.618318
10610, 0.614086
10620, 0.619952
10630, 0.614451
10640, 0.619915
10650, 0.626714
10660, 0.620001
10670, 0.621703
10680, 0.623984
10690, 0.625725
10700, 0.627105
10710, 0.627034
10720, 0.626029
10730, 0.627316
10740, 0.629341
10750, 0.627462
10760, 0.632136
10770, 0.633469
10780, 0.633172
10790, 0.644828
10800, 0.639756
10810, 0.636885
10820, 0.635573
10830, 0.639645
10840, 0.638707
10850, 0.642568
10860, 0.639104
10870, 0.639695
10880, 0.644077
10890, 0.644303
10900, 0.644820
10910, 0.646309
10920, 0.647709
10930, 0.656115
10940, 0.650167
10950, 0.650826
10960, 0.654053
10970, 0.654425
10980, 0.654928
10990, 0.655820
11000, 0.658005
11010, 0.659582
11020, 0.656983
11030, 0.660315
11040, 0.661308
11050, 0.666416
11060, 0.673483
11070, 0.666272
11080, 0.666511
11090, 0.668356
11100, 0.671122
11110, 0.671343
11120, 0.680622
11130, 0.676825
11140, 0.678426
11150, 0.676207
11160, 0.676495
11170, 0.676106
11180, 0.678682
11190, 0.682634
11200, 0.681839
11210, 0.679598
11220, 0.684645
11230, 0.682967
11240, 0.687563
11250, 0.687588
11260, 0.690440
11270, 0.690870
11280, 0.691222
11290, 0.693155
11300, 0.694604
11310, 0.695574
11320, 0.695711
11330, 0.693929
11340, 0.699792
11350, 0.697357
11360, 0.700752
11370, 0.700166
11380, 0.702173
11390, 0.702917
11400, 0.703891
11410, 0.705615
11420, 0.637263
11430, 0.644995
11440, 0.656782
11450, 0.653433
11460, 0.652277
11470, 0.658046
11480, 0.660908
11490, 0.661624
11500, 0.665921
11510, 0.664803
11520, 0.666855
11530, 0.673028
11540, 0.669025
11550, 0.686280
11560, 0.685655
11570, 0.697416
11580, 0.682798
11590, 0.686072
11600, 0.684696
11610, 0.684096
11620, 0.685326
11630, 0.689102
11640, 0.688942
11650, 0.692950
11660, 0.687476
11670, 0.693984
11680, 0.693260
11690, 0.698188
11700, 0.703379
11710, 0.699550
11720, 0.701099
11730, 0.703505
11740, 0.701474
11750, 0.705434
11760, 0.704373
11770, 0.708047
11780, 0.709070
11790, 0.709348
11800, 0.710823
11810, 0.713140
11820, 0.719986
11830, 0.711727
11840, 0.715459
11850, 0.715951
11860, 0.712081
11870, 0.717447
11880, 0.722773
11890, 0.720195
11900, 0.720227
11910, 0.727124
11920, 0.724677
11930, 0.732692
11940, 0.730527
11950, 0.728235
11960, 0.735317
11970, 0.731532
11980, 0.735958
11990, 0.735038
12000, 0.735243
12010, 0.738076
12020, 0.736778
12030, 0.742731
12040, 0.740553
12050, 0.742262
12060, 0.742997
12070, 0.748365
12080, 0.748329
12090, 0.748997
12100, 0.748274
12110, 0.749781
12120, 0.748891
12130, 0.755180
12140, 0.754394
12150, 0.754688
12160, 0.761289
12170, 0.761002
12180, 0.761343
12190, 0.773627
12200, 0.766766
12210, 0.761522
12220, 0.768194
12230, 0.767523
12240, 0.767247
12250, 0.769568
12260, 0.769557
12270, 0.770201
12280, 0.770471
12290, 0.776395
12300, 0.773686
12310, 0.772124
12320, 0.774860
12330, 0.775412
12340, 0.778043
12350, 0.777656
12360, 0.778752
12370, 0.780393
12380, 0.781907
12390, 0.783381
12400, 0.790107
12410, 0.786856
12420, 0.790998
12430, 0.790607
12440, 0.787851
12450, 0.788832
12460, 0.792578
12470, 0.796206
12480, 0.792515
12490, 0.794528
12500, 0.793379
12510, 0.804666
12520, 0.798849
12530, 0.804470
12540, 0.803237
12550, 0.805470
12560, 0.804434
12570, 0.809869
12580, 0.807256
12590, 0.809279
12600, 0.807208
12610, 0.812712
12620, 0.820537
12630, 0.814605
12640, 0.814728
12650, 0.816803
12660, 0.813795
12670, 0.819576
12680, 0.822942
12690, 0.822662
12700, 0.822986
12710, 0.825096
12720, 0.832092
12730, 0.831440
12740, 0.829588
12750, 0.831277
12760, 0.833973
12770, 0.832605
12780, 0.833400
12790, 0.837294
12800, 0.837338
12810, 0.838605
12820, 0.841228
12830, 0.844856
12840, 0.843813
12850, 0.843707
12860, 0.844602
12870, 0.844075
12880, 0.849969
12890, 0.849697
12900, 0.851795
12910, 0.853296
12920, 0.853929
12930, 0.860670
12940, 0.854687
12950, 0.855808
12960, 0.858119
12970, 0.859486
12980, 0.861360
12990, 0.862420
13000, 0.858414
13010, 0.864605
13020, 0.866332
13030, 0.870291
13040, 0.865926
13050, 0.869739
13060, 0.869755
13070, 0.873932
13080, 0.872264
13090, 0.872151
13100, 0.874121
13110, 0.874822
13120, 0.879091
13130, 0.878631
13140, 0.883779
13150, 0.883937
13160, 0.878022
13170, 0.888784
13180, 0.883741
13190, 0.886524
13200, 0.885159
13210, 0.886995
13220, 0.893382
13230, 0.895416
13240, 0.894989
13250, 0.898021
13260, 0.891242
13270, 0.899496
13280, 0.899645
13290, 0.901611
13300, 0.902753
13310, 0.904603
13320, 0.914494
13330, 0.912042
13340, 0.914652
13350, 0.914475
13360, 0.910820
13370, 0.911193
13380, 0.914714
13390, 0.916425
13400, 0.917396
13410, 0.918179
13420, 0.918981
13430, 0.922294
13440, 0.918674
13450, 0.921883
13460, 0.919634
13470, 0.922874
13480, 0.927550
13490, 0.926419
13500, 0.930103
13510, 0.933149
13520, 0.931933
13530, 0.930888
13540, 0.929251
13550, 0.933742
13560, 0.936334
13570, 0.934910
13580, 0.937530
13590, 0.936877
13600, 0.946547
13610, 0.940996
13620, 0.939698
13630, 0.944080
13640, 0.949530
13650, 0.944770
13660, 0.953099
13670, 0.950777
13680, 0.952859
13690, 0.943345
13700, 0.986138
13710, 0.987136
13720, 1.005723
13730, 1.068641
13740, 1.063666
13750, 1.051873
13760, 1.046973
13770, 1.048442
13780, 1.045572
13790, 1.040163
13800, 1.045074
13810, 1.041758
13820, 1.042272
13830, 1.038383
13840, 1.044555
13850, 1.047320
13860, 1.046347
13870, 1.047465
13880, 1.047508
13890, 1.046670
13900, 1.046332
13910, 1.052892
13920, 1.054605
13930, 1.056299
13940, 1.055037
13950, 1.057284
13960, 1.055892
13970, 1.060963
13980, 1.063237
13990, 1.069847
14000, 1.064525
14010, 1.066265
14020, 1.063994
14030, 1.065158
14040, 1.066361
14050, 1.069053
14060, 1.076355
14070, 1.074768
14080, 1.076034
14090, 1.073058
14100, 1.083505
14110, 1.079456
14120, 1.084179
14130, 1.085600
14140, 1.090933
14150, 1.103244
14160, 1.109302
14170, 1.095487
14180, 1.088513
14190, 1.091880
14200, 1.098473
14210, 1.112254
14220, 1.107940
14230, 1.112877
14240, 1.125078
14250, 1.113821
14260, 1.107865
14270, 1.108717
14280, 1.110837
14290, 1.109909
14300, 1.108543
14310, 1.110062
14320, 1.114248
14330, 1.114840
14340, 1.111468
14350, 1.115421
14360, 1.117911
14370, 1.110000
14380, 1.120009
14390, 1.121279
14400, 1.120767
14410, 1.120424
14420, 1.122859
14430, 1.124718
14440, 1.125653
14450, 1.125903
14460, 1.125945
14470, 1.128589
14480, 1.129143
14490, 1.131179
14500, 1.135544
14510, 1.138242
14520, 1.134543
14530, 1.139413
14540, 1.142321
14550, 1.145839
14560, 1.144209
14570, 1.148931
14580, 1.154479
14590, 1.150294
14600, 1.150313
14610, 1.153715
14620, 1.164425
14630, 1.166467
14640, 1.161197
14650, 1.151933
14660, 1.159332
14670, 1.156431
14680, 1.165445
14690, 1.172735
14700, 1.169945
14710, 1.171250
14720, 1.168514
14730, 1.173886
14740, 1.168466
14750, 1.166697
14760, 1.184735
14770, 1.178005
14780, 1.183816
14790, 1.178753
14800, 1.203895
14810, 1.211223
14820, 1.201853
14830, 1.197725
14840, 1.194342
14850, 1.192327
14860, 1.188130
14870, 1.193678
14880, 1.196767
14890, 1.197205
14900, 1.195007
14910, 1.194997
14920, 1.201488
14930, 1.205679
14940, 1.207728
14950, 1.204394
14960, 1.204632
14970, 1.210528
14980, 1.207703
14990, 1.207119
15000, 1.212205
15010, 1.213722
15020, 1.211183
15030, 1.219103
15040, 1.220705
15050, 1.219045
15060, 1.221339
15070, 1.220797
15080, 1.222693
15090, 1.227358
15100, 1.226246
15110, 1.232065
15120, 1.235876
15130, 1.239787
15140, 1.239493
15150, 1.238843
15160, 1.250476
15170, 1.260006
15180, 1.253520
15190, 1.252606
15200, 1.267504
15210, 1.264779
15220, 1.262092
15230, 1.257316
15240, 1.253141
15250, 1.261677
15260, 1.259635
15270, 1.258759
15280, 1.257365
15290, 1.259108
15300, 1.260546
15310, 1.262932
15320, 1.263582
15330, 1.258344
15340, 1.269827
15350, 1.271314
15360, 1.265605
15370, 1.272696
15380, 1.273466
15390, 1.281476
15400, 1.275995
15410, 1.280485
15420, 1.283377
15430, 1.276569
15440, 1.284996
15450, 1.291281
15460, 1.285817
15470, 1.290731
15480, 1.290946
15490, 1.291524
15500, 1.296508
15510, 1.297690
15520, 1.297708
15530, 1.302111
15540, 1.310828
15550, 1.311472
15560, 1.304573
15570, 1.311422
15580, 1.313062
15590, 1.313571
15600, 1.312497
15610, 1.316401
15620, 1.312701
15630, 1.314871
15640, 1.330251
15650, 1.322936
15660, 1.321719
15670, 1.327059
15680, 1.323867
15690, 1.326036
15700, 1.328343
15710, 1.341134
15720, 1.336755
15730, 1.334687
15740, 1.331045
15750, 1.335107
15760, 1.334134
15770, 1.346569
15780, 1.341458
15790, 1.346997
15800, 1.340930
15810, 1.347081
15820, 1.347811
15830, 1.360203
15840, 1.352960
15850, 1.348135
15860, 1.358756
15870, 1.360556
15880, 1.353555
15890, 1.368957
15900, 1.372393
15910, 1.362964
15920, 1.368244
15930, 1.369454
15940, 1.371536
15950, 1.370495
15960, 1.370898
15970, 1.378602
15980, 1.389878
15990, 1.379320
16000, 1.378810
16010, 1.376982
16020, 1.380322
16030, 1.386671
16040, 1.386182
16050, 1.387370
16060, 1.385527
16070, 1.392068
16080, 1.397747
16090, 1.393595
16100, 1.393589
16110, 1.398164
16120, 1.396666
16130, 1.404336
16140, 1.401105
16150, 1.405285
16160, 1.402980
16170, 1.410120
16180, 1.409767
16190, 1.409739
16200, 1.420950
16210, 1.416055
16220, 1.423548
16230, 1.422176
16240, 1.424832
16250, 1.423568
16260, 1.418430
16270, 1.423703
16280, 1.427518
16290, 1.448038
16300, 1.429711
16310, 1.438727
16320, 1.440180
16330, 1.433103
16340, 1.433761
16350, 1.435184
16360, 1.437272
16370, 1.450459
16380, 1.451604
16390, 1.450776
16400, 1.446675
16410, 1.445406
16420, 1.448044
16430, 1.461501
16440, 1.459668
16450, 1.454610
16460, 1.456454
16470, 1.457097
16480, 1.462347
16490, 1.466853
16500, 1.467893
16510, 1.467159
16520, 1.471786
16530, 1.477250
16540, 1.501647
16550, 1.485255
16560, 1.480885
16570, 1.479614
16580, 1.478851
16590, 1.481123
16600, 1.485529
16610, 1.495371
16620, 1.485720
16630, 1.484654
16640, 1.493593
16650, 1.494712
16660, 1.500789
16670, 1.498018
16680, 1.494134
16690, 1.497646
16700, 1.502334
16710, 1.508771
16720, 1.501640
16730, 1.508712
16740, 1.508277
16750, 1.508360
16760, 1.513052
16770, 1.512272
16780, 1.517042
16790, 1.522634
16800, 1.527906
16810, 1.520190
16820, 1.542355
16830, 1.540227
16840, 1.535487
16850, 1.526461
16860, 1.527436
16870, 1.526239
16880, 1.535472
16890, 1.539615
16900, 1.534768
16910, 1.541460
16920, 1.540630
16930, 1.548252
16940, 1.550279
16950, 1.542641
16960, 1.552117
16970, 1.547853
16980, 1.552004
16990, 1.554515
17000, 1.554201
17010, 1.552086
17020, 1.558699
17030, 1.594854
17040, 1.578121
17050, 1.571912
17060, 1.570689
17070, 1.564025
17080, 1.573443
17090, 1.568129
17100, 1.571706
17110, 1.570032
17120, 1.571408
17130, 1.570645
17140, 1.576311
17150, 1.581948
17160, 1.582622
17170, 1.583773
17180, 1.438672
17190, 1.457656
17200, 1.468825
17210, 1.478238
17220, 1.480380
17230, 1.486123
17240, 1.483105
17250, 1.486802
17260, 1.485339
17270, 1.500868
17280, 1.500584
17290, 1.500038
17300, 1.502093
17310, 1.518010
17320, 1.529311
17330, 1.520457
17340, 1.517531
17350, 1.516752
17360, 1.518207
17370, 1.530530
17380, 1.535686
17390, 1.529915
17400, 1.541191
17410, 1.533908
17420, 1.536727
17430, 1.539940
17440, 1.543525
17450, 1.535871
17460, 1.609111
17470, 1.600320
17480, 1.612315
17490, 1.604903
17500, 1.598816
17510, 1.603598
17520, 1.602845
17530, 1.610372
17540, 1.613949
17550, 1.606799
17560, 1.606947
17570, 1.624598
17580, 1.637565
17590, 1.625401
17600, 1.620554
17610, 1.630121
17620, 1.628573
17630, 1.624674
17640, 1.630240
17650, 1.627909
17660, 1.632422
17670, 1.633556
17680, 1.632051
17690, 1.638807
17700, 1.634818
17710, 1.641935
17720, 1.646465
17730, 1.642432
17740, 1.650824
17750, 1.646252
17760, 1.651785
17770, 1.650805
17780, 1.655154
17790, 1.657159
17800, 1.661377
17810, 1.654972
17820, 1.654567
17830, 1.670846
17840, 1.672800
17850, 1.673013
17860, 1.669924
17870, 1.666113
17880, 1.678240
17890, 1.674991
17900, 1.672675
17910, 1.675725
17920, 1.680687
17930, 1.682203
17940, 1.682980
17950, 1.684851
17960, 1.821671
17970, 1.787913
17980, 1.765622
17990, 1.762502
18000, 1.759426
18010, 1.753507
18020, 1.763169
18030, 1.757601
18040, 1.759702
18050, 1.757661
18060, 1.755924
18070, 1.758496
18080, 1.766957
18090, 1.763897
18100, 1.763039
18110, 1.762177
18120, 1.774015
18130, 1.768059
18140, 1.771249
18150, 1.772384
18160, 1.775220
18170, 1.783781
18180, 1.778572
18190, 1.781206
18200, 1.790546
18210, 1.792140
18220, 1.789248
18230, 1.788223
18240, 1.793137
18250, 1.792294
18260, 1.791838
18270, 1.799722
18280, 1.801875
18290, 1.798190
18300, 1.802243
18310, 1.800266
18320, 1.826506
18330, 1.806894
18340, 1.808628
18350, 1.811713
18360, 1.824771
18370, 1.818908
18380, 1.816170
18390, 1.816455
18400, 1.842896
18410, 1.858686
18420, 1.855914
18430, 1.839257
18440, 1.832597
18450, 1.829196
18460, 1.839979
18470, 1.841557
18480, 1.834770
18490, 1.840518
18500, 1.849989
18510, 1.848767
18520, 1.840648
18530, 1.842360
18540, 1.846380
18550, 1.846145
18560, 1.847435
18570, 1.858881
18580, 1.852139
18590, 1.864130
18600, 1.861199
18610, 1.862395
18620, 1.869513
18630, 1.870892
18640, 1.865415
18650, 1.785835
18660, 1.789609
18670, 1.805113
18680, 1.810068
18690, 1.804702
18700, 1.817001
18710, 1.816546
18720, 1.819318
18730, 1.821346
18740, 1.823853
18750, 1.818609
18760, 1.825206
18770, 1.835831
18780, 1.834835
18790, 1.834353
18800, 1.838452
18810, 1.844262
18820, 1.853792
18830, 1.857802
18840, 1.855569
18850, 1.855879
18860, 1.860069
18870, 1.860019
18880, 1.865500
18890, 1.863316
18900, 1.868367
18910, 1.868076
18920, 1.868706
18930, 1.864427
18940, 1.877498
18950, 1.875724
18960, 1.879819
18970, 1.876587
18980, 1.876568
18990, 1.881035
19000, 1.892382
19010, 1.886093
19020, 1.891847
19030, 1.895438
19040, 1.889117
19050, 1.906453
19060, 1.900380
19070, 1.899086
19080, 1.905244
19090, 1.906059
19100, 1.902159
19110, 1.908787
19120, 1.912805
19130, 1.913309
19140, 1.912840
19150, 1.918427
19160, 1.913558
19170, 1.922932
19180, 1.925509
19190, 1.923703
19200, 1.925412
19210, 1.925978
19220, 1.936110
19230, 1.929709
19240, 1.938477
19250, 1.934256
19260, 1.942121
19270, 1.938754
19280, 1.935219
19290, 1.944053
19300, 1.983557
19310, 1.954843
19320, 1.952131
19330, 1.952066
19340, 1.957519
19350, 1.955593
19360, 1.956203
19370, 1.959337
19380, 1.965119
19390, 1.969378
19400, 1.964780
19410, 1.970000
19420, 1.972254
19430, 1.974819
19440, 1.974656
19450, 1.977980
19460, 1.975799
19470, 1.978715
19480, 1.980897
19490, 1.982294
19500, 1.991177
19510, 1.998020
19520, 2.004070
19530, 1.993785
19540, 1.993345
19550, 1.999926
19560, 2.004777
19570, 2.000820
19580, 1.993636
19590, 2.001604
19600, 2.003628
19610, 1.999317
19620, 2.009823
19630, 2.010604
19640, 2.019121
19650, 2.020132
19660, 2.018715
19670, 2.015752
19680, 2.017995
19690, 2.021870
19700, 2.020965
19710, 2.030286
19720, 2.023982
19730, 2.036176
19740, 2.039967
19750, 2.036213
19760, 2.050961
19770, 2.044070
19780, 2.045794
19790, 2.044064
19800, 2.050043
19810, 2.052119
19820, 2.047017
19830, 2.048718
19840, 2.048427
19850, 2.057753
19860, 2.058389
19870, 2.073221
19880, 2.060942
19890, 2.066154
19900, 2.065688
19910, 2.069159
19920, 2.079732
19930, 2.076328
19940, 2.075067
19950, 2.077509
19960, 2.084491
19970, 2.083488
19980, 2.081328
19990, 2.086023
20000, 2.073520
20010, 2.083892
20020, 2.081516
20030, 2.087840
20040, 2.103346
20050, 2.101450
20060, 2.101968
20070, 2.111192
20080, 2.337948
20090, 2.417061
20100, 2.655908
20110, 2.256691
20120, 2.771141
20130, 2.388962
20140, 2.260649
20150, 2.200418
20160, 2.200331
20170, 2.185850
20180, 2.204397
20190, 2.206870
20200, 2.317318
20210, 2.361870
20220, 2.227186
20230, 2.240507
20240, 2.206429
20250, 2.219624
20260, 2.208437
20270, 2.210388
20280, 2.214984
20290, 2.209294
20300, 2.211740
20310, 2.211846
20320, 2.207558
20330, 2.210972
20340, 2.216616
20350, 2.208748
20360, 2.203283
20370, 2.209290
20380, 2.217087
20390, 2.222544
20400, 2.234642
20410, 2.227103
20420, 2.272787
20430, 2.274267
20440, 2.236943
20450, 2.317565
20460, 2.388481
20470, 2.337807
20480, 2.267677
20490, 2.258356
20500, 2.258871
20510, 2.257009
20520, 2.268815
20530, 2.267001
20540, 2.264531
20550, 2.259316
20560, 2.267363
20570, 2.263704
20580, 2.260301
20590, 2.269064
20600, 2.263538
20610, 2.276076
20620, 2.279682
20630, 2.278975
20640, 2.280067
20650, 2.281482
20660, 2.296009
20670, 2.251236
20680, 2.241952
20690, 2.236885
20700, 2.244138
20710, 2.239171
20720, 2.240136
20730, 2.240795
20740, 2.245113
20750, 2.239224
20760, 2.237504
20770, 2.240197
20780, 2.244409
20790, 2.243789
20800, 2.241247
20810, 2.245427
20820, 2.251488
20830, 2.263630
20840, 2.265174
20850, 2.262738
20860, 2.263205
20870, 2.266385
20880, 2.263503
20890, 2.267672
20900, 2.273017
20910, 2.270927
20920, 2.280652
20930, 2.285362
20940, 2.282863
20950, 2.276846
20960, 2.275277
20970, 2.284627
20980, 2.285818
20990, 2.288524
21000, 2.300827
21010, 2.303778
21020, 2.295881
21030, 2.306063
21040, 2.313254
21050, 2.309621
21060, 2.314080
21070, 2.318159
21080, 2.314429
21090, 2.322019
21100, 2.321072
21110, 2.324568
21120, 2.327387
21130, 2.321936
21140, 2.335570
21150, 2.224299
21160, 2.226704
21170, 2.233187
21180, 2.246545
21190, 2.249217
21200, 2.253289
21210, 2.279682
21220, 2.231584
21230, 2.174475
21240, 2.209068
21250, 2.310266
21260, 2.319611
21270, 2.317135
21280, 2.322728
21290, 2.336381
21300, 2.338759
21310, 2.346691
21320, 2.347189
21330, 2.370540
21340, 2.385534
21350, 2.366361
21360, 2.430240
21370, 2.552461
21380, 2.647598
21390, 2.651729
21400, 2.622282
21410, 2.614691
21420, 2.464943
21430, 2.494697
21440, 2.439959
21450, 2.404432
21460, 2.439459
21470, 2.514176
21480, 2.437341
21490, 2.418354
21500, 2.420866
21510, 2.422236
21520, 2.416892
21530, 2.423016
21540, 2.415480
21550, 2.421188
21560, 2.424842
21570, 2.421538
21580, 2.425884
21590, 2.436475
21600, 2.436526
21610, 2.442519
21620, 2.443160
21630, 2.440439
21640, 2.442775
21650, 2.437134
21660, 2.440846
21670, 2.445357
21680, 2.450601
21690, 2.450035
21700, 2.449539
21710, 2.451425
21720, 2.441922
21730, 2.450190
21740, 2.455179
21750, 2.463036
21760, 2.459509
21770, 2.472475
21780, 2.472232
21790, 2.474924
21800, 2.476755
21810, 2.474273
21820, 2.489594
21830, 2.483501
21840, 2.484641
21850, 2.488978
21860, 2.478971
21870, 2.476619
21880, 2.494645
21890, 2.484908
21900, 2.475537
21910, 2.480205
21920, 2.483144
21930, 2.517011
21940, 2.502789
21950, 2.511631
21960, 2.507436
21970, 2.509610
21980, 2.519834
21990, 2.516950
22000, 2.522690
22010, 2.522578
22020, 2.515760
22030, 2.522591
22040, 2.531689
22050, 2.528231
22060, 2.536835
22070, 2.539057
22080, 2.558829
22090, 2.549227
22100, 2.549454
22110, 2.546024
22120, 2.547701
22130, 2.548605
22140, 2.680162
22150, 2.662313
22160, 2.665291
22170, 2.625716
22180, 2.626425
22190, 2.622680
22200, 2.624201
22210, 2.634154
22220, 2.650640
22230, 2.646006
22240, 2.651165
22250, 2.660743
22260, 2.648601
22270, 2.649246
22280, 2.658934
22290, 2.689238
22300, 2.659750
22310, 2.666235
22320, 2.645487
22330, 2.601331
22340, 2.594199
22350, 2.598582
22360, 2.693930
22370, 2.666071
22380, 2.672952
22390, 2.693023
22400, 2.688202
22410, 2.694866
22420, 2.706439
22430, 2.706171
22440, 2.700818
22450, 2.715636
22460, 2.711985
22470, 2.705569
22480, 2.708770
22490, 2.724980
22500, 2.712085
22510, 2.732862
22520, 2.731811
22530, 2.731031
22540, 2.744822
22550, 2.743864
22560, 2.743421
22570, 2.746483
22580, 2.755326
22590, 2.747567
22600, 2.755571
22610, 2.755871
22620, 2.742488
22630, 2.740110
22640, 2.740218
22650, 2.734525
22660, 2.746083
22670, 2.770539
22680, 2.766384
22690, 2.766849
22700, 2.769468
22710, 2.775849
22720, 2.782959
22730, 2.773132
22740, 2.794866
22750, 2.828186
22760, 2.797855
22770, 2.780447
22780, 2.783764
22790, 2.778196
22800, 2.778479
22810, 2.789354
22820, 2.776110
22830, 2.794298
22840, 2.792030
22850, 2.789721
22860, 2.804502
22870, 2.824230
22880, 2.811993
22890, 2.785262
22900, 2.825841
22910, 2.825179
22920, 2.920408
22930, 2.866814
22940, 2.843068
22950, 2.838189
22960, 2.863291
22970, 2.844458
22980, 2.854743
22990, 2.864172
23000, 2.839732
23010, 2.856847
23020, 2.854311
23030, 2.849075
23040, 2.881347
23050, 2.910397
23060, 2.875504
23070, 2.887477
23080, 2.886576
23090, 2.884547
23100, 2.874418
23110, 2.874634
23120, 2.905092
23130, 2.893490
23140, 2.888866
23150, 2.888613
23160, 2.881769
23170, 2.914835
23180, 2.907766
23190, 2.906839
23200, 2.915046
23210, 2.909172
23220, 2.909366
23230, 2.905308
23240, 2.913070
23250, 2.907051
23260, 2.916882
23270, 2.915440
23280, 2.912126
23290, 2.916157
23300, 2.936984
23310, 3.143589
23320, 3.091841
23330, 3.085454
23340, 3.091093
23350, 3.055304
23360, 2.969704
23370, 2.963609
23380, 2.956782
23390, 2.963086
23400, 2.941566
23410, 2.944206
23420, 2.952714
23430, 2.962006
23440, 3.034700
23450, 2.946948
23460, 2.975745
23470, 3.024483
23480, 3.007982
23490, 2.976958
23500, 3.005515
23510, 2.941650
23520, 3.042385
23530, 3.029517
23540, 3.088674
23550, 3.042781
23560, 3.014987
23570, 2.994151
23580, 3.016658
23590, 3.033170
23600, 3.041589
23610, 3.059924
23620, 3.053143
23630, 3.089953
23640, 3.018019
23650, 3.006048
23660, 3.010050
23670, 3.016948
23680, 2.997023
23690, 3.013699
23700, 3.019195
23710, 3.022677
23720, 3.018246
23730, 3.026583
23740, 3.044410
23750, 3.028825
23760, 3.034013
23770, 3.039625
23780, 3.070316
23790, 3.199025
23800, 3.193547
23810, 3.166766
23820, 3.166114
23830, 3.163349
23840, 3.159822
23850, 3.161980
23860, 3.169801
23870, 3.170655
23880, 3.167742
23890, 3.294654
23900, 3.021501
23910, 3.010859
23920, 3.013949
23930, 3.023655
23940, 3.028924
23950, 3.045436
23960, 3.057200
23970, 3.031203
23980, 3.064738
23990, 3.055186
24000, 3.057299
24010, 3.045468
24020, 3.073946
24030, 3.087836
24040, 3.094169
24050, 3.070228
24060, 3.069547
24070, 3.060322
24080, 3.071331
24090, 3.086369
24100, 3.083456
24110, 3.086635
24120, 3.093615
24130, 3.100976
24140, 3.098089
24150, 3.110840
24160, 3.105727
24170, 3.117287
24180, 3.117037
24190, 3.114976
24200, 3.105554
24210, 3.115126
24220, 3.118562
24230, 3.127762
24240, 3.127738
24250, 3.133155
24260, 3.139273
24270, 3.142248
24280, 3.136282
24290, 3.139532
24300, 3.140550
24310, 3.134383
24320, 3.158684
24330, 3.149954
24340, 3.152685
24350, 3.155642
24360, 3.031291
24370, 3.056986
24380, 3.066953
24390, 3.067549
24400, 3.056189
24410, 3.092958
24420, 3.089351
24430, 3.091205
24440, 3.097740
24450, 3.085850
24460, 3.072250
24470, 3.086906
24480, 3.079786
24490, 3.092625
24500, 3.104649
24510, 3.103752
24520, 3.090059
24530, 3.106508
24540, 3.092187
24550, 3.132082
24560, 3.098343
24570, 3.089732
24580, 3.088683
24590, 3.087760
24600, 3.087335
24610, 3.092851
24620, 3.108924
24630, 3.097281
24640, 3.089812
24650, 3.098136
24660, 3.106019
24670, 3.100819
24680, 3.096790
24690, 3.114546
24700, 3.131170
24710, 3.121230
24720, 3.108284
24730, 3.116151
24740, 3.105868
24750, 3.119883
24760, 3.120729
24770, 3.125601
24780, 3.383874
24790, 3.374279
24800, 3.367305
24810, 3.371491
24820, 3.361932
24830, 3.334541
24840, 3.247705
24850, 3.231033
24860, 3.224116
24870, 3.225298
24880, 3.230024
24890, 3.227107
24900, 3.220637
24910, 3.210068
24920, 3.215955
24930, 3.227903
24940, 3.232036
24950, 3.228002
24960, 3.239112
24970, 3.252785
24980, 3.242428
24990, 3.223102
25000, 3.239822
25010, 3.237673
25020, 3.246932
25030, 3.268135
25040, 3.259560
25050, 3.263438
25060, 3.262297
25070, 3.257359
25080, 3.273298
25090, 3.260599
25100, 3.271180
25110, 3.264139
25120, 3.264321
25130, 3.291120
25140, 3.293156
25150, 3.289507
25160, 3.288755
25170, 3.291731
25180, 3.289600
25190, 3.287148
25200, 3.295976
25210, 3.304418
25220, 3.309383
25230, 3.320347
25240, 3.324723
25250, 3.360872
25260, 3.326288
25270, 3.321784
25280, 3.324265
25290, 3.319241
25300, 3.334929
25310, 3.337987
25320, 3.328173
25330, 3.326165
25340, 3.333769
25350, 3.341342
25360, 3.348012
25370, 3.353722
25380, 3.353615
25390, 3.346015
25400, 3.358665
25410, 3.344250
25420, 3.338462
25430, 3.336112
25440, 3.335684
25450, 3.349831
25460, 3.351963
25470, 3.356211
25480, 3.337064
25490, 3.325818
25500, 3.345466
25510, 3.346280
25520, 3.356708
25530, 3.360191
25540, 3.351904
25550, 3.368156
25560, 3.356392
25570, 3.361463
25580, 3.389789
25590, 3.411655
25600, 3.393951
25610, 3.396563
25620, 3.405896
25630, 3.401516
25640, 3.391495
25650, 3.395301
25660, 3.488165
25670, 3.886334
25680, 3.577544
25690, 3.465151
25700, 3.432179
25710, 3.433534
25720, 3.449990
25730, 3.447504
25740, 3.445225
25750, 3.438374
25760, 3.451364
25770, 3.446520
25780, 3.440798
25790, 3.460794
25800, 3.459756
25810, 3.701471
25820, 4.026433
25830, 4.147079
25840, 3.625361
25850, 3.690440
25860, 3.588767
25870, 3.621313
25880, 3.605787
25890, 3.588188
25900, 3.585359
25910, 3.607498
25920, 3.596685
25930, 3.620106
25940, 3.610141
25950, 3.627303
25960, 3.625860
25970, 3.631052
25980, 3.638233
25990, 3.655113
26000, 3.642919
26010, 3.703240
26020, 3.796136
26030, 3.835890
26040, 3.930647
26050, 3.868959
26060, 3.862761
26070, 3.817558
26080, 3.875443
26090, 3.846262
26100, 3.857289
26110, 3.629779
26120, 3.640477
26130, 3.689574
26140, 3.605456
26150, 4.117344
26160, 3.788028
26170, 3.763452
26180, 3.711221
26190, 3.725355
26200, 3.787495
26210, 3.746405
26220, 3.770023
26230, 4.072707
26240, 3.958122
26250, 4.000018
26260, 3.967717
26270, 3.900652
26280, 3.915075
26290, 3.956770
26300, 3.924952
26310, 3.856072
26320, 3.604875
26330, 3.702483
26340, 3.638402
26350, 3.783568
26360, 3.696290
26370, 3.675292
26380, 3.724324
26390, 3.806530
26400, 4.156467
26410, 4.038347
26420, 3.933633
26430, 3.953759
26440, 3.898636
26450, 3.941987
26460, 3.950682
26470, 3.920410
26480, 4.101871
26490, 3.908776
26500, 4.044318
26510, 4.108052
26520, 4.149416
26530, 4.097167
26540, 3.939330
26550, 3.991385
26560, 3.867207
26570, 4.018463
26580, 3.927649
26590, 3.798015
26600, 3.717568
26610, 3.698367
26620, 3.703335
26630, 3.692995
26640, 3.712222
26650, 3.773357
26660, 3.781135
26670, 3.712071
26680, 3.707805
26690, 3.717250
26700, 3.705711
26710, 3.710368
26720, 3.699999
26730, 3.692792
26740, 3.707565
26750, 3.694935
26760, 3.715702
26770, 3.723600
26780, 3.727653
26790, 3.726401
26800, 3.729106
26810, 3.739334
26820, 3.733142
26830, 3.740656
26840, 3.744734
26850, 3.745407
26860, 3.739934
26870, 3.750926
26880, 3.726390
26890, 3.732619
26900, 3.752763
26910, 3.759029
26920, 3.767694
26930, 3.763370
26940, 3.770181
26950, 3.766411
26960, 3.771896
26970, 3.768210
26980, 3.772731
26990, 3.775347
27000, 3.790559
27010, 3.791252
27020, 3.810123
27030, 3.810724
27040, 3.817623
27050, 3.808369
27060, 3.819920
27070, 3.821859
27080, 3.824297
27090, 3.827906
27100, 3.828668
27110, 3.829096
27120, 3.836694
27130, 3.837624
27140, 3.851206
27150, 3.846056
27160, 3.852345
27170, 3.850033
27180, 3.855481
27190, 3.857459
27200, 3.844795
27210, 3.839649
27220, 3.839963
27230, 3.858523
27240, 3.860117
27250, 3.872286
27260, 3.854342
27270, 3.853444
27280, 3.860343
27290, 3.854364
27300, 3.873936
27310, 3.873896
27320, 3.886517
27330, 3.868390
27340, 3.872032
27350, 3.876428
27360, 3.880557
27370, 3.890097
27380, 3.874979
27390, 3.885480
27400, 3.883607
27410, 3.905898
27420, 3.887574
27430, 3.900987
27440, 3.901839
27450, 3.893472
27460, 3.901624
27470, 3.928185
27480, 3.906027
27490, 3.914973
27500, 3.921485
27510, 3.934982
27520, 3.910033
27530, 3.932156
27540, 3.920680
27550, 3.924964
27560, 3.917766
27570, 3.937582
27580, 3.932791
27590, 3.944840
27600, 3.934048
27610, 3.950443
27620, 3.952210
27630, 3.934482
27640, 3.931682
27650, 3.915110
27660, 3.927881
27670, 3.937962
27680, 3.932781
27690, 3.949746
27700, 3.953445
27710, 3.974109
27720, 3.977386
27730, 3.989508
27740, 3.988357
27750, 3.998118
27760, 3.996256
27770, 3.971196
27780, 4.001159
27790, 4.000521
27800, 4.013791
27810, 4.011331
27820, 4.030611
27830, 4.028196
27840, 4.031320
27850, 4.021744
27860, 4.036593
27870, 4.034017
27880, 3.996972
27890, 4.009218
27900, 4.016107
27910, 4.019376
27920, 4.022443
27930, 4.024412
27940, 4.033050
27950, 4.023407
27960, 4.022714
27970, 4.039061
27980, 4.038504
27990, 4.046413
28000, 4.038402
28010, 4.055478
28020, 4.056708
28030, 4.060074
28040, 4.055585
28050, 4.058507
28060, 4.053482
28070, 4.069872
28080, 4.067196
28090, 4.093721
28100, 4.084061
28110, 4.082383
28120, 4.070398
28130, 4.083420
28140, 4.081012
28150, 4.094357
28160, 4.105171
28170, 4.093932
28180, 4.101426
28190, 4.094018
28200, 4.101070
28210, 4.101301
28220, 4.106810
28230, 4.113274
28240, 4.126561
28250, 4.110309
28260, 4.129377
28270, 4.119715
28280, 4.119601
28290, 4.133353
28300, 4.126335
28310, 4.124840
28320, 4.148177
28330, 4.141008
28340, 4.152870
28350, 4.164276
28360, 4.159597
28370, 4.136500
28380, 4.138233
28390, 4.153757
28400, 4.165761
28410, 4.169201
28420, 4.180779
28430, 4.186176
28440, 4.190371
28450, 4.185271
28460, 4.181361
28470, 4.171851
28480, 4.180012
28490, 4.198076
28500, 4.203454
28510, 4.213242
28520, 4.205841
28530, 4.205698
28540, 4.212651
28550, 4.224021
28560, 4.217793
28570, 4.243857
28580, 4.234767
28590, 4.256001
28600, 4.248854
28610, 4.239173
28620, 4.241613
28630, 4.245530
28640, 4.250666
28650, 4.253737
28660, 4.254130
28670, 4.258709
28680, 4.246948
28690, 4.231939
28700, 4.231459
28710, 4.242985
28720, 4.247979
28730, 4.254049
28740, 4.271340
28750, 4.273593
28760, 4.263657
28770, 4.288780
28780, 4.283391
28790, 4.259007
28800, 4.271767
28810, 4.303508
28820, 4.303967
28830, 4.311510
28840, 4.302258
28850, 4.306103
28860, 4.317893
28870, 4.318137
28880, 4.322730
28890, 4.326476
28900, 4.327659
28910, 4.299932
28920, 4.332463
28930, 4.333287
28940, 4.343794
28950, 4.340523
28960, 4.343110
28970, 4.354967
28980, 4.335111
28990, 4.328052
29000, 4.329489
29010, 4.329823
29020, 4.338676
29030, 4.361493
29040, 4.355262
29050, 4.377021
29060, 4.378040
29070, 4.384882
29080, 4.387317
29090, 4.387005
29100, 4.359751
29110, 4.384615
29120, 4.387121
29130, 4.395814
29140, 4.402873
29150, 4.407267
29160, 4.398147
29170, 4.390715
29180, 4.399682
29190, 4.396609
29200, 4.407183
29210, 4.425167
29220, 4.437643
29230, 4.431681
29240, 4.412045
29250, 4.414911
29260, 4.409042
29270, 4.413628
29280, 4.404236
29290, 4.399838
29300, 4.410788
29310, 4.418070
29320, 4.429023
29330, 4.416080
29340, 4.421601
29350, 4.412523
29360, 4.425743
29370, 4.437280
29380, 4.438566
29390, 4.448342
29400, 4.437983
29410, 4.442911
29420, 4.448473
29430, 4.437565
29440, 4.431663
29450, 4.441728
29460, 4.469202
29470, 4.455228
29480, 4.468669
29490, 4.471022
29500, 4.483207
29510, 4.464217
29520, 4.460760
29530, 4.491661
29540, 4.482854
29550, 4.494204
29560, 4.488700
29570, 4.516563
29580, 4.514318
29590, 4.549887
29600, 4.554023
29610, 4.563865
29620, 4.549688
29630, 4.555399
29640, 4.542909
29650, 4.556385
29660, 4.573542
29670, 4.570673
29680, 4.570485
29690, 4.574824
29700, 4.578755
29710, 4.606319
29720, 4.610198
29730, 4.590522
29740, 4.575977
29750, 4.569559
29760, 4.573107
29770, 4.554256
29780, 4.556131
29790, 4.558385
29800, 4.588832
29810, 4.572910
29820, 4.566717
29830, 4.561358
29840, 4.579174
29850, 4.578637
29860, 4.574421
29870, 4.578070
29880, 4.583706
29890, 4.598502
29900, 4.579486
29910, 4.589297
29920, 4.611769
29930, 4.615758
29940, 4.619144
29950, 4.607719
29960, 4.630838
29970, 4.611323
29980, 4.588245
29990, 4.583020
30000, 4.591812
30010, 4.595443
30020, 4.606570
30030, 4.614679
30040, 4.638433
30050, 4.632471
30060, 4.649699
30070, 4.658181
30080, 4.674580
30090, 4.667295
30100, 4.678156
30110, 4.661946
30120, 4.655884
30130, 4.642823
30140, 4.674967
30150, 4.665087
30160, 4.673693
30170, 4.683524
30180, 4.666481
30190, 4.679371
30200, 4.701772
30210, 4.723030
30220, 4.718154
30230, 4.735489
30240, 4.744584
30250, 4.730552
30260, 4.724047
30270, 4.744846
30280, 4.764431
30290, 4.770060
30300, 4.767112
30310, 4.769066
30320, 4.746153
30330, 4.750545
30340, 4.742754
30350, 4.746819
30360, 4.746221
30370, 4.755633
30380, 4.746706
30390, 4.753376
30400, 4.770044
30410, 4.778693
30420, 4.774953
30430, 4.783115
30440, 4.760050
30450, 4.750477
30460, 4.779630
30470, 4.762625
30480, 4.763520
30490, 4.769124
30500, 4.776467
30510, 4.780768
30520, 4.751181
30530, 4.779780
30540, 4.778783
30550, 4.811944
30560, 4.820328
30570, 4.823314
30580, 4.809867
30590, 4.829405
30600, 4.828065
30610, 4.841138
30620, 4.828317
30630, 4.844064
30640, 4.842765
30650, 4.868033
30660, 4.838276
30670, 4.840734
30680, 4.839703
30690, 4.832955
30700, 4.855817
30710, 4.860106
30720, 4.857478
30730, 4.848233
30740, 4.837188
30750, 4.866715
30760, 4.870358
30770, 4.867430
30780, 4.875962
30790, 4.849463
30800, 4.856274
30810, 4.873043
30820, 4.886311
30830, 4.911399
30840, 4.910274
30850, 4.907103
30860, 4.917121
30870, 4.911827
30880, 4.917327
30890, 4.917581
30900, 4.943276
30910, 4.934914
30920, 4.946679
30930, 4.968304
30940, 4.969531
30950, 4.963769
30960, 4.949880
30970, 4.955168
30980, 4.973174
30990, 4.944449
31000, 4.948020
31010, 4.966364
31020, 4.950906
31030, 4.962414
31040, 4.966214
31050, 4.949726
31060, 4.967318
31070, 4.973707
31080, 4.977534
31090, 4.993465
31100, 5.008884
31110, 4.978492
31120, 4.990325
31130, 4.994875
31140, 5.011809
31150, 4.991165
31160, 4.991125
31170, 4.998956
31180, 5.002262
31190, 5.027487
31200, 5.040667
31210, 5.022022
31220, 5.012829
31230, 5.021493
31240, 5.007678
31250, 5.028126
31260, 5.025361
31270, 5.022861
31280, 5.012626
31290, 5.020358
31300, 5.013901
31310, 5.024250
31320, 5.017423
31330, 5.043821
31340, 5.039408
31350, 5.042630
31360, 5.039837
31370, 5.037338
31380, 5.071523
31390, 5.077108
31400, 5.064638
31410, 5.049082
31420, 5.077423
31430, 5.094004
31440, 5.095083
31450, 5.087171
31460, 5.118503
31470, 5.137484
31480, 5.143789
31490, 5.119853
31500, 5.118439
31510, 5.130341
31520, 5.124773
31530, 5.164440
31540, 5.184358
31550, 5.148476
31560, 5.134859
31570, 5.114772
31580, 5.140692
31590, 5.142620
31600, 5.132921
31610, 5.133590
31620, 5.160092
31630, 5.156220
31640, 5.132714
31650, 5.134232
31660, 5.123876
31670, 5.129660
31680, 5.142671
31690, 5.133142
31700, 5.102324
31710, 5.118975
31720, 5.157175
31730, 5.160165
31740, 5.128568
31750, 5.155566
31760, 5.129597
31770, 5.121902
31780, 5.127300
31790, 5.132744
31800, 5.145152
31810, 5.143603
31820, 5.146109
31830, 5.148209
31840, 5.147708
31850, 5.143835
31860, 5.147370
31870, 5.162897
31880, 5.162839
31890, 5.173243
31900, 5.168133
31910, 5.172226
31920, 5.438361
31930, 5.380038
31940, 5.378852
31950, 5.372381
31960, 5.380702
31970, 5.363938
31980, 5.377381
31990, 5.380204
32000, 5.370455
32010, 5.364844
32020, 5.364871
32030, 5.366850
32040, 5.350709
32050, 5.360707
32060, 5.352930
32070, 5.376500
32080, 5.375302
32090, 5.376812
32100, 5.380488
32110, 5.387648
32120, 5.378319
32130, 5.387390
32140, 5.410031
32150, 5.411840
32160, 5.444811
32170, 5.462968
32180, 5.477058
32190, 5.493809
32200, 5.520854
32210, 5.498417
32220, 5.516240
32230, 5.524191
32240, 5.527622
32250, 5.534211
32260, 5.528634
32270, 5.537228
32280, 5.529132
32290, 5.471172
32300, 5.429535
32310, 5.380798
32320, 5.331908
32330, 5.308118
32340, 5.301222
32350, 5.302881
32360, 5.316538
32370, 5.317504
32380, 5.313043
32390, 5.317099
32400, 5.302620
32410, 5.322087
32420, 5.307308
32430, 5.319450
32440, 5.331336
32450, 5.338756
32460, 5.329726
32470, 5.339899
32480, 5.349354
32490, 5.349780
32500, 5.354774
32510, 5.351957
32520, 5.359685
32530, 5.364009
32540, 5.361611
32550, 5.366503
32560, 5.375433
32570, 5.383597
32580, 5.377904
32590, 5.376291
32600, 5.382894
32610, 5.394079
32620, 5.408529
32630, 5.403835
32640, 5.413215
32650, 5.419386
32660, 5.418897
32670, 5.391642
32680, 5.416285
32690, 5.407378
32700, 5.414262
32710, 5.422359
32720, 5.442105
32730, 5.429403
32740, 5.426922
32750, 5.422171
32760, 5.427370
32770, 5.443020
32780, 5.441888
32790, 5.433125
32800, 5.450858
32810, 5.458153
32820, 5.464642
32830, 5.453184
32840, 5.445753
32850, 5.462067
32860, 5.449526
32870, 5.457446
32880, 5.490078
32890, 5.465157
32900, 5.475009
32910, 5.471921
32920, 5.464557
32930, 5.489142
32940, 5.494630
32950, 5.489425
32960, 5.474890
32970, 5.495053
32980, 5.478804
32990, 5.516094
33000, 5.512394
33010, 5.504129
33020, 5.518638
33030, 5.521959
33040, 5.505485
33050, 5.515597
33060, 5.533637
33070, 5.522703
33080, 5.545619
33090, 5.531419
33100, 5.530965
33110, 5.517008
33120, 5.524527
33130, 5.538156
33140, 5.546303
33150, 5.540413
33160, 5.545379
33170, 5.566856
33180, 5.562822
33190, 5.554944
33200, 5.563937
33210, 5.314023
33220, 5.337638
33230, 5.340569
33240, 5.356663
33250, 5.354503
33260, 5.362238
33270, 5.363424
33280, 5.386719
33290, 5.391578
33300, 5.414328
33310, 5.412314
33320, 5.392094
33330, 5.399430
33340, 5.409482
33350, 5.397263
33360, 5.451917
33370, 5.434558
33380, 5.433264
33390, 5.453157
33400, 5.463669
33410, 5.448127
33420, 5.475669
33430, 5.476505
33440, 5.452884
33450, 5.463736
33460, 5.478743
33470, 5.476865
33480, 5.464765
33490, 5.473467
33500, 5.487251
33510, 5.499192
33520, 5.484465
33530, 5.497511
33540, 5.508597
33550, 5.490234
33560, 5.495924
33570, 5.488239
33580, 5.490945
33590, 5.493357
33600, 5.497815
33610, 5.497927
33620, 5.524464
33630, 5.531364
33640, 5.512770
33650, 5.528448
33660, 5.530798
33670, 5.528483
33680, 5.549254
33690, 5.538407
33700, 5.550939
33710, 5.550668
33720, 5.531316
33730, 5.537306
33740, 5.535629
33750, 5.577290
33760, 5.576640
33770, 5.583225
33780, 5.553002
33790, 5.570309
33800, 5.564437
33810, 5.565295
33820, 5.610366
33830, 5.605553
33840, 5.603296
33850, 5.625369
33860, 5.605606
33870, 5.615113
33880, 5.615185
33890, 5.629128
33900, 5.612746
33910, 5.625999
33920, 5.621707
33930, 5.619374
33940, 5.625004
33950, 5.627477
33960, 5.635474
33970, 5.638389
33980, 5.634825
33990, 5.633030
34000, 5.629247
34010, 5.641959
34020, 5.633654
34030, 5.645111
34040, 5.668535
34050, 5.641675
34060, 5.655694
34070, 5.666852
34080, 5.660958
34090, 5.657592
34100, 5.660366
34110, 5.675516
34120, 5.672597
34130, 5.659420
34140, 5.682336
34150, 5.679213
34160, 5.678319
34170, 5.687856
34180, 5.735927
34190, 5.727413
34200, 5.738378
34210, 5.743198
34220, 5.726983
34230, 5.733739
34240, 5.738705
34250, 5.747134
34260, 5.751306
34270, 5.747467
34280, 5.749859
34290, 5.736188
34300, 5.734875
34310, 5.755411
34320, 5.758071
34330, 5.782842
34340, 5.768710
34350, 5.764723
34360, 5.770241
34370, 5.801709
34380, 5.781583
34390, 5.768827
34400, 5.770607
34410, 5.797028
34420, 5.786243
34430, 5.794890
34440, 5.808055
34450, 5.798691
34460, 5.809222
34470, 5.818982
34480, 5.816821
34490, 5.808305
34500, 5.825665
34510, 5.839161
34520, 5.820804
34530, 5.840612
34540, 5.825275
34550, 5.822166
34560, 5.842516
34570, 5.836458
34580, 5.831272
34590, 5.823173
34600, 5.833368
34610, 5.850990
34620, 5.836479
34630, 5.842607
34640, 5.852504
34650, 5.877715
34660, 5.862450
34670, 5.841459
34680, 5.870209
34690, 5.855259
34700, 5.862295
34710, 5.880446
34720, 5.888195
34730, 5.907412
34740, 5.881050
34750, 5.868592
34760, 5.868650
34770, 5.893731
34780, 5.887284
34790, 5.871020
34800, 5.901366
34810, 5.916026
34820, 5.921953
34830, 5.900988
34840, 5.924963
34850, 5.903526
34860, 5.919527
34870, 5.944677
34880, 5.962208
34890, 5.949152
34900, 5.959999
34910, 5.960034
34920, 5.968224
34930, 5.940445
34940, 5.953201
34950, 5.961224
34960, 5.979647
34970, 5.958052
34980, 5.976066
34990, 5.967244
35000, 5.985884
35010, 5.976990
35020, 5.983408
35030, 5.980905
35040, 5.976994
35050, 6.016066
35060, 5.994435
35070, 6.028312
35080, 6.019508
35090, 6.026242
35100, 6.004898
35110, 6.029370
35120, 6.030618
35130, 6.026574
35140, 6.028083
35150, 5.979963
35160, 5.974578
35170, 5.984441
35180, 5.974705
35190, 5.991650
35200, 5.994238
35210, 5.999025
35220, 6.008508
35230, 6.011960
35240, 6.004070
35250, 6.020217
35260, 6.004837
35270, 6.018552
35280, 6.034769
35290, 6.040748
35300, 6.025939
35310, 6.029664
35320, 6.049977
35330, 6.033207
35340, 6.048572
35350, 6.064485
35360, 6.052679
35370, 6.047491
35380, 6.049891
35390, 6.065748
35400, 6.067274
35410, 6.064371
35420, 6.067859
35430, 6.076349
35440, 6.113962
35450, 6.105193
35460, 6.092912
35470, 6.102511
35480, 6.107753
35490, 6.119185
35500, 6.126789
35510, 6.122301
35520, 6.126506
35530, 6.134964
35540, 6.119059
35550, 6.117091
35560, 6.123590
35570, 6.147563
35580, 6.145145
35590, 6.151778
35600, 6.151999
35610, 6.160837
35620, 6.170470
35630, 6.142500
35640, 6.153806
35650, 6.152339
35660, 6.174276
35670, 6.166478
35680, 6.172126
35690, 6.184351
35700, 6.189793
35710, 6.219589
35720, 6.214059
35730, 6.221700
35740, 6.218641
35750, 6.223138
35760, 6.220232
35770, 6.242815
35780, 6.243765
35790, 6.263290
35800, 6.247642
35810, 6.238872
35820, 6.249711
35830, 6.246225
35840, 6.231674
35850, 6.251788
35860, 6.253975
35870, 6.261012
35880, 6.252820
35890, 6.264632
35900, 6.261547
35910, 6.257376
35920, 6.270537
35930, 6.278517
35940, 6.289260
35950, 6.289039
35960, 6.300661
35970, 6.297392
35980, 6.275290
35990, 6.280581
36000, 6.296233
36010, 6.298773
36020, 6.298418
36030, 6.296135
36040, 6.307941
36050, 6.309065
36060, 6.332500
36070, 6.283790
36080, 6.298777
36090, 6.301847
36100, 6.347306
36110, 6.339940
36120, 6.360679
36130, 6.366895
36140, 6.335221
36150, 6.356432
36160, 6.336796
36170, 6.351109
36180, 6.357788
36190, 6.353653
36200, 6.362588
36210, 6.350408
36220, 6.357275
36230, 6.359344
36240, 6.340854
36250, 6.348137
36260, 6.349429
36270, 6.356033
36280, 6.369616
36290, 6.358503
36300, 6.357139
36310, 6.373969
36320, 6.377401
36330, 6.368964
36340, 6.400821
36350, 6.397130
36360, 6.406212
36370, 6.427596
36380, 6.391908
36390, 6.399616
36400, 6.383112
36410, 6.408212
36420, 6.403432
36430, 6.407725
36440, 6.413969
36450, 6.410937
36460, 6.434082
36470, 6.429512
36480, 6.412045
36490, 6.427054
36500, 6.422213
36510, 6.432077
36520, 6.449493
36530, 6.446814
365