10, 0.000000
20, 0.000005
30, 0.000028
40, 0.000034
50, 0.000045
60, 0.000026
70, 0.000023
80, 0.000000
90, 0.000009
100, 0.000091
110, 0.000118
120, 0.000108
130, 0.000107
140, 0.000067
150, 0.000000
160, 0.000030
170, 0.000164
180, 0.000172
190, 0.000201
200, 0.000173
210, 0.000183
220, 0.000190
230, 0.000147
240, 0.000154
250, 0.000266
260, 0.000261
270, 0.000282
280, 0.000341
290, 0.000101
300, 0.000275
310, 0.000293
320, 0.000308
330, 0.000317
340, 0.000166
350, 0.000343
360, 0.000404
370, 0.000341
380, 0.000416
390, 0.000443
400, 0.000350
410, 0.000471
420, 0.000391
430, 0.000517
440, 0.000452
450, 0.000449
460, 0.000443
470, 0.000425
480, 0.000487
490, 0.000459
500, 0.000426
510, 0.000372
520, 0.000510
530, 0.000539
540, 0.000558
550, 0.000432
560, 0.000586
570, 0.000596
580, 0.000540
590, 0.000502
600, 0.000553
610, 0.000573
620, 0.000589
630, 0.000642
640, 0.000578
650, 0.000617
660, 0.000652
670, 0.000622
680, 0.000589
690, 0.000645
700, 0.000665
710, 0.000701
720, 0.000702
730, 0.000747
740, 0.000601
750, 0.000715
760, 0.000799
770, 0.000754
780, 0.000788
790, 0.000780
800, 0.000809
810, 0.000924
820, 0.000602
830, 0.000915
840, 0.000787
850, 0.000896
860, 0.000875
870, 0.000706
880, 0.000880
890, 0.000902
900, 0.000902
910, 0.000877
920, 0.000882
930, 0.000992
940, 0.000973
950, 0.000930
960, 0.000896
970, 0.000895
980, 0.001113
990, 0.000981
1000, 0.001039
1010, 0.001002
1020, 0.001088
1030, 0.001043
1040, 0.000996
1050, 0.001032
1060, 0.001040
1070, 0.001032
1080, 0.001111
1090, 0.001056
1100, 0.001289
1110, 0.000945
1120, 0.001093
1130, 0.001188
1140, 0.001163
1150, 0.001176
1160, 0.001247
1170, 0.001205
1180, 0.001370
1190, 0.001249
1200, 0.001435
1210, 0.001248
1220, 0.001210
1230, 0.001230
1240, 0.001423
1250, 0.001237
1260, 0.001280
1270, 0.001360
1280, 0.001236
1290, 0.001357
1300, 0.001523
1310, 0.001333
1320, 0.001344
1330, 0.001305
1340, 0.001351
1350, 0.001367
1360, 0.001341
1370, 0.001345
1380, 0.001222
1390, 0.001526
1400, 0.001412
1410, 0.001499
1420, 0.001650
1430, 0.001833
1440, 0.001608
1450, 0.001625
1460, 0.001433
1470, 0.001586
1480, 0.001574
1490, 0.001487
1500, 0.001713
1510, 0.001466
1520, 0.001598
1530, 0.001655
1540, 0.001744
1550, 0.001786
1560, 0.001924
1570, 0.001785
1580, 0.002001
1590, 0.001864
1600, 0.001829
1610, 0.001689
1620, 0.001730
1630, 0.001689
1640, 0.001696
1650, 0.001885
1660, 0.001770
1670, 0.001762
1680, 0.001762
1690, 0.001893
1700, 0.001916
1710, 0.001968
1720, 0.001939
1730, 0.001934
1740, 0.001907
1750, 0.001889
1760, 0.001789
1770, 0.001829
1780, 0.001820
1790, 0.001860
1800, 0.001628
1810, 0.001877
1820, 0.001870
1830, 0.001889
1840, 0.001932
1850, 0.001910
1860, 0.001969
1870, 0.001988
1880, 0.002067
1890, 0.002093
1900, 0.002088
1910, 0.002115
1920, 0.002140
1930, 0.002123
1940, 0.002142
1950, 0.002150
1960, 0.002163
1970, 0.002182
1980, 0.002192
1990, 0.001968
2000, 0.002212
2010, 0.002236
2020, 0.001988
2030, 0.002261
2040, 0.002236
2050, 0.002284
2060, 0.002283
2070, 0.002319
2080, 0.002319
2090, 0.002349
2100, 0.002352
2110, 0.002361
2120, 0.002397
2130, 0.002410
2140, 0.002408
2150, 0.002419
2160, 0.002432
2170, 0.002435
2180, 0.002448
2190, 0.002494
2200, 0.002464
2210, 0.002507
2220, 0.002204
2230, 0.002528
2240, 0.002537
2250, 0.002559
2260, 0.002559
2270, 0.002552
2280, 0.002829
2290, 0.002635
2300, 0.002602
2310, 0.002589
2320, 0.002700
2330, 0.002649
2340, 0.002641
2350, 0.002691
2360, 0.002690
2370, 0.002685
2380, 0.002709
2390, 0.002730
2400, 0.002720
2410, 0.002762
2420, 0.002757
2430, 0.002749
2440, 0.002755
2450, 0.002793
2460, 0.002772
2470, 0.002797
2480, 0.002784
2490, 0.002814
2500, 0.002811
2510, 0.002891
2520, 0.002857
2530, 0.002920
2540, 0.002866
2550, 0.002863
2560, 0.002900
2570, 0.002920
2580, 0.002918
2590, 0.002934
2600, 0.002995
2610, 0.002995
2620, 0.003049
2630, 0.003013
2640, 0.003030
2650, 0.003048
2660, 0.003051
2670, 0.003120
2680, 0.003131
2690, 0.003128
2700, 0.003115
2710, 0.003130
2720, 0.003193
2730, 0.003165
2740, 0.003182
2750, 0.003216
2760, 0.002870
2770, 0.003242
2780, 0.003231
2790, 0.003202
2800, 0.003254
2810, 0.003257
2820, 0.003261
2830, 0.003260
2840, 0.003296
2850, 0.003315
2860, 0.003384
2870, 0.003343
2880, 0.003418
2890, 0.003432
2900, 0.003408
2910, 0.003427
2920, 0.003418
2930, 0.003422
2940, 0.003446
2950, 0.003503
2960, 0.003481
2970, 0.003475
2980, 0.003472
2990, 0.003497
3000, 0.003487
3010, 0.003559
3020, 0.003538
3030, 0.003528
3040, 0.003537
3050, 0.003558
3060, 0.003578
3070, 0.003581
3080, 0.003577
3090, 0.003601
3100, 0.003654
3110, 0.003632
3120, 0.003664
3130, 0.003714
3140, 0.003748
3150, 0.003769
3160, 0.003742
3170, 0.003769
3180, 0.003736
3190, 0.003797
3200, 0.003817
3210, 0.003813
3220, 0.003874
3230, 0.003815
3240, 0.003860
3250, 0.003894
3260, 0.003889
3270, 0.003911
3280, 0.003905
3290, 0.003955
3300, 0.003926
3310, 0.003919
3320, 0.004067
3330, 0.004006
3340, 0.003947
3350, 0.003995
3360, 0.004044
3370, 0.004024
3380, 0.004055
3390, 0.003616
3400, 0.004092
3410, 0.004085
3420, 0.004119
3430, 0.004145
3440, 0.003679
3450, 0.004117
3460, 0.004140
3470, 0.004156
3480, 0.004205
3490, 0.004165
3500, 0.004203
3510, 0.004201
3520, 0.004234
3530, 0.004254
3540, 0.004245
3550, 0.004235
3560, 0.004261
3570, 0.004280
3580, 0.004251
3590, 0.004307
3600, 0.004318
3610, 0.004300
3620, 0.004342
3630, 0.003865
3640, 0.004310
3650, 0.004382
3660, 0.004386
3670, 0.004418
3680, 0.004404
3690, 0.004444
3700, 0.004422
3710, 0.004439
3720, 0.004457
3730, 0.004564
3740, 0.004498
3750, 0.004536
3760, 0.004529
3770, 0.004544
3780, 0.004529
3790, 0.004542
3800, 0.004586
3810, 0.004572
3820, 0.004636
3830, 0.004655
3840, 0.004624
3850, 0.004824
3860, 0.004177
3870, 0.004733
3880, 0.004711
3890, 0.004692
3900, 0.004767
3910, 0.004711
3920, 0.004722
3930, 0.004826
3940, 0.004747
3950, 0.004857
3960, 0.004862
3970, 0.004847
3980, 0.004843
3990, 0.004879
4000, 0.004836
4010, 0.004901
4020, 0.004901
4030, 0.004920
4040, 0.004957
4050, 0.005012
4060, 0.004958
4070, 0.004978
4080, 0.004922
4090, 0.004951
4100, 0.005064
4110, 0.004989
4120, 0.005043
4130, 0.005115
4140, 0.005114
4150, 0.005073
4160, 0.005108
4170, 0.005128
4180, 0.005122
4190, 0.005117
4200, 0.005215
4210, 0.004532
4220, 0.005272
4230, 0.005220
4240, 0.005390
4250, 0.005353
4260, 0.005310
4270, 0.005294
4280, 0.005302
4290, 0.005326
4300, 0.005414
4310, 0.005360
4320, 0.005386
4330, 0.005458
4340, 0.005393
4350, 0.005414
4360, 0.005418
4370, 0.005459
4380, 0.004786
4390, 0.005426
4400, 0.005505
4410, 0.005499
4420, 0.005567
4430, 0.005594
4440, 0.005519
4450, 0.005534
4460, 0.005634
4470, 0.005528
4480, 0.005572
4490, 0.005654
4500, 0.005694
4510, 0.005099
4520, 0.005657
4530, 0.005662
4540, 0.005731
4550, 0.005716
4560, 0.005769
4570, 0.005776
4580, 0.005809
4590, 0.005706
4600, 0.005642
4610, 0.005750
4620, 0.005748
4630, 0.005752
4640, 0.005778
4650, 0.005678
4660, 0.005835
4670, 0.005758
4680, 0.005862
4690, 0.005819
4700, 0.005886
4710, 0.005972
4720, 0.006048
4730, 0.005887
4740, 0.005907
4750, 0.005374
4760, 0.006017
4770, 0.006002
4780, 0.005974
4790, 0.005988
4800, 0.006018
4810, 0.006055
4820, 0.006007
4830, 0.006005
4840, 0.006040
4850, 0.006031
4860, 0.006133
4870, 0.006042
4880, 0.006173
4890, 0.006199
4900, 0.006108
4910, 0.006149
4920, 0.005488
4930, 0.006152
4940, 0.006173
4950, 0.006192
4960, 0.006250
4970, 0.006210
4980, 0.006235
4990, 0.006241
5000, 0.006234
5010, 0.006269
5020, 0.006290
5030, 0.006296
5040, 0.006305
5050, 0.006320
5060, 0.006286
5070, 0.005700
5080, 0.006372
5090, 0.006364
5100, 0.006319
5110, 0.006397
5120, 0.006350
5130, 0.006419
5140, 0.006406
5150, 0.006471
5160, 0.006482
5170, 0.006493
5180, 0.006467
5190, 0.006529
5200, 0.006538
5210, 0.006497
5220, 0.006532
5230, 0.006548
5240, 0.006598
5250, 0.006583
5260, 0.006616
5270, 0.006681
5280, 0.005966
5290, 0.006650
5300, 0.006722
5310, 0.006723
5320, 0.006711
5330, 0.006731
5340, 0.006745
5350, 0.006799
5360, 0.006790
5370, 0.006838
5380, 0.006828
5390, 0.006868
5400, 0.006867
5410, 0.006148
5420, 0.006877
5430, 0.006925
5440, 0.006942
5450, 0.006977
5460, 0.006171
5470, 0.006935
5480, 0.006951
5490, 0.006936
5500, 0.006932
5510, 0.006999
5520, 0.007069
5530, 0.006984
5540, 0.007029
5550, 0.007059
5560, 0.007037
5570, 0.007044
5580, 0.007168
5590, 0.007204
5600, 0.007163
5610, 0.007097
5620, 0.007166
5630, 0.007264
5640, 0.007193
5650, 0.007175
5660, 0.007272
5670, 0.007168
5680, 0.007211
5690, 0.007250
5700, 0.007280
5710, 0.007271
5720, 0.007338
5730, 0.007308
5740, 0.007329
5750, 0.007370
5760, 0.007284
5770, 0.007396
5780, 0.007333
5790, 0.007381
5800, 0.007372
5810, 0.007363
5820, 0.007458
5830, 0.007428
5840, 0.007470
5850, 0.007463
5860, 0.007483
5870, 0.007426
5880, 0.006677
5890, 0.007502
5900, 0.007551
5910, 0.007482
5920, 0.007569
5930, 0.007537
5940, 0.007546
5950, 0.007559
5960, 0.007588
5970, 0.007669
5980, 0.007574
5990, 0.007715
6000, 0.007705
6010, 0.007652
6020, 0.007692
6030, 0.007753
6040, 0.007737
6050, 0.007665
6060, 0.007707
6070, 0.007724
6080, 0.007681
6090, 0.007738
6100, 0.007717
6110, 0.007752
6120, 0.006872
6130, 0.007836
6140, 0.007716
6150, 0.007747
6160, 0.007919
6170, 0.007821
6180, 0.007933
6190, 0.007866
6200, 0.007900
6210, 0.007915
6220, 0.007934
6230, 0.007101
6240, 0.007971
6250, 0.007994
6260, 0.008029
6270, 0.008024
6280, 0.008009
6290, 0.008035
6300, 0.008109
6310, 0.008144
6320, 0.008237
6330, 0.008164
6340, 0.008130
6350, 0.008183
6360, 0.008146
6370, 0.008148
6380, 0.008192
6390, 0.008205
6400, 0.008288
6410, 0.008213
6420, 0.008432
6430, 0.008303
6440, 0.008320
6450, 0.008384
6460, 0.008330
6470, 0.008430
6480, 0.007426
6490, 0.008326
6500, 0.008466
6510, 0.008636
6520, 0.008652
6530, 0.008586
6540, 0.008543
6550, 0.008665
6560, 0.007672
6570, 0.008602
6580, 0.008541
6590, 0.008560
6600, 0.008585
6610, 0.008762
6620, 0.008502
6630, 0.008714
6640, 0.007683
6650, 0.008545
6660, 0.008598
6670, 0.008768
6680, 0.008751
6690, 0.008660
6700, 0.008859
6710, 0.008711
6720, 0.007949
6730, 0.008699
6740, 0.008867
6750, 0.008831
6760, 0.008829
6770, 0.008992
6780, 0.007864
6790, 0.008763
6800, 0.008928
6810, 0.008919
6820, 0.008879
6830, 0.008820
6840, 0.008868
6850, 0.008983
6860, 0.008921
6870, 0.008986
6880, 0.008934
6890, 0.008995
6900, 0.009129
6910, 0.008072
6920, 0.009149
6930, 0.009068
6940, 0.009244
6950, 0.009098
6960, 0.009021
6970, 0.009135
6980, 0.009142
6990, 0.008063
7000, 0.009015
7010, 0.009088
7020, 0.009230
7030, 0.009212
7040, 0.009123
7050, 0.009190
7060, 0.009124
7070, 0.009168
7080, 0.008191
7090, 0.009246
7100, 0.009264
7110, 0.009284
7120, 0.009295
7130, 0.009336
7140, 0.009180
7150, 0.009356
7160, 0.009263
7170, 0.008307
7180, 0.009367
7190, 0.008289
7200, 0.008391
7210, 0.009436
7220, 0.009322
7230, 0.009343
7240, 0.009506
7250, 0.009435
7260, 0.009480
7270, 0.008648
7280, 0.009622
7290, 0.009585
7300, 0.009638
7310, 0.009673
7320, 0.009806
7330, 0.008670
7340, 0.008773
7350, 0.007721
7360, 0.008733
7370, 0.008705
7380, 0.008838
7390, 0.008838
7400, 0.008905
7410, 0.008858
7420, 0.009213
7430, 0.008953
7440, 0.008922
7450, 0.008973
7460, 0.009026
7470, 0.009027
7480, 0.009059
7490, 0.009089
7500, 0.009129
7510, 0.009061
7520, 0.009091
7530, 0.009252
7540, 0.009233
7550, 0.009185
7560, 0.009135
7570, 0.009219
7580, 0.009209
7590, 0.009241
7600, 0.009273
7610, 0.009414
7620, 0.009388
7630, 0.009416
7640, 0.009418
7650, 0.009362
7660, 0.009329
7670, 0.009343
7680, 0.009455
7690, 0.009404
7700, 0.009335
7710, 0.009599
7720, 0.009465
7730, 0.009443
7740, 0.009489
7750, 0.009520
7760, 0.009397
7770, 0.009452
7780, 0.009499
7790, 0.009485
7800, 0.009502
7810, 0.009566
7820, 0.009648
7830, 0.009543
7840, 0.009595
7850, 0.009695
7860, 0.009703
7870, 0.009694
7880, 0.009704
7890, 0.009659
7900, 0.009678
7910, 0.009746
7920, 0.009714
7930, 0.009813
7940, 0.009697
7950, 0.008708
7960, 0.009670
7970, 0.009750
7980, 0.009797
7990, 0.009811
8000, 0.009804
8010, 0.009757
8020, 0.009788
8030, 0.009883
8040, 0.009791
8050, 0.009810
8060, 0.009906
8070, 0.009829
8080, 0.009940
8090, 0.010028
8100, 0.010023
8110, 0.009963
8120, 0.010016
8130, 0.010020
8140, 0.010002
8150, 0.009976
8160, 0.010007
8170, 0.010013
8180, 0.010074
8190, 0.010025
8200, 0.010161
8210, 0.010199
8220, 0.010352
8230, 0.009183
8240, 0.010148
8250, 0.010205
8260, 0.010166
8270, 0.010328
8280, 0.010377
8290, 0.010270
8300, 0.010404
8310, 0.010330
8320, 0.010511
8330, 0.009291
8340, 0.010399
8350, 0.009281
8360, 0.010393
8370, 0.010472
8380, 0.010503
8390, 0.010513
8400, 0.010503
8410, 0.010569
8420, 0.010538
8430, 0.010501
8440, 0.010524
8450, 0.010503
8460, 0.010710
8470, 0.009403
8480, 0.010544
8490, 0.010550
8500, 0.010672
8510, 0.010698
8520, 0.010642
8530, 0.009360
8540, 0.010590
8550, 0.010705
8560, 0.010815
8570, 0.010798
8580, 0.010909
8590, 0.010722
8600, 0.010794
8610, 0.010854
8620, 0.010942
8630, 0.010953
8640, 0.010891
8650, 0.010907
8660, 0.011031
8670, 0.010950
8680, 0.010860
8690, 0.010987
8700, 0.011042
8710, 0.011011
8720, 0.011113
8730, 0.011084
8740, 0.011011
8750, 0.009852
8760, 0.011216
8770, 0.011256
8780, 0.011287
8790, 0.011084
8800, 0.011097
8810, 0.011286
8820, 0.011196
8830, 0.011267
8840, 0.011183
8850, 0.011366
8860, 0.011369
8870, 0.011509
8880, 0.011340
8890, 0.011523
8900, 0.011485
8910, 0.011392
8920, 0.011342
8930, 0.011429
8940, 0.011622
8950, 0.011359
8960, 0.011579
8970, 0.011370
8980, 0.011427
8990, 0.011618
9000, 0.011451
9010, 0.011616
9020, 0.011579
9030, 0.011593
9040, 0.011572
9050, 0.011544
9060, 0.011638
9070, 0.011707
9080, 0.011640
9090, 0.011487
9100, 0.011634
9110, 0.011652
9120, 0.011669
9130, 0.011608
9140, 0.011903
9150, 0.011711
9160, 0.011707
9170, 0.011587
9180, 0.011837
9190, 0.011636
9200, 0.011613
9210, 0.011925
9220, 0.011781
9230, 0.011680
9240, 0.011675
9250, 0.011738
9260, 0.011704
9270, 0.012016
9280, 0.011962
9290, 0.011930
9300, 0.011940
9310, 0.011798
9320, 0.011899
9330, 0.012059
9340, 0.011879
9350, 0.011998
9360, 0.011953
9370, 0.012137
9380, 0.012116
9390, 0.011984
9400, 0.012024
9410, 0.012287
9420, 0.011976
9430, 0.010728
9440, 0.012198
9450, 0.012190
9460, 0.009422
9470, 0.012133
9480, 0.012308
9490, 0.012166
9500, 0.012182
9510, 0.012428
9520, 0.012401
9530, 0.012123
9540, 0.012276
9550, 0.012251
9560, 0.011023
9570, 0.012227
9580, 0.012408
9590, 0.012280
9600, 0.012435
9610, 0.012295
9620, 0.012349
9630, 0.012456
9640, 0.012359
9650, 0.011018
9660, 0.012409
9670, 0.012694
9680, 0.012363
9690, 0.012387
9700, 0.012374
9710, 0.012467
9720, 0.012403
9730, 0.012466
9740, 0.012412
9750, 0.012397
9760, 0.012472
9770, 0.012597
9780, 0.012490
9790, 0.011244
9800, 0.012656
9810, 0.012640
9820, 0.012706
9830, 0.012599
9840, 0.012640
9850, 0.012724
9860, 0.012928
9870, 0.012787
9880, 0.012751
9890, 0.012668
9900, 0.012789
9910, 0.012701
9920, 0.012715
9930, 0.012920
9940, 0.012791
9950, 0.012819
9960, 0.012812
9970, 0.012831
9980, 0.012982
9990, 0.012780
10000, 0.012662
10010, 0.012856
10020, 0.012837
10030, 0.012934
10040, 0.012831
10050, 0.012994
10060, 0.013027
10070, 0.012911
10080, 0.012984
10090, 0.013053
10100, 0.012983
10110, 0.012954
10120, 0.011484
10130, 0.012961
10140, 0.012804
10150, 0.012904
10160, 0.012832
10170, 0.012883
10180, 0.013002
10190, 0.012948
10200, 0.012921
10210, 0.011563
10220, 0.013209
10230, 0.012953
10240, 0.013078
10250, 0.013000
10260, 0.013373
10270, 0.013068
10280, 0.013194
10290, 0.013060
10300, 0.013218
10310, 0.013140
10320, 0.013129
10330, 0.013055
10340, 0.013204
10350, 0.013213
10360, 0.013421
10370, 0.013266
10380, 0.013321
10390, 0.013408
10400, 0.013345
10410, 0.013358
10420, 0.013350
10430, 0.013380
10440, 0.015044
10450, 0.015032
10460, 0.014930
10470, 0.014947
10480, 0.014791
10490, 0.014772
10500, 0.014927
10510, 0.015230
10520, 0.014891
10530, 0.014904
10540, 0.014756
10550, 0.014877
10560, 0.014800
10570, 0.014987
10580, 0.015048
10590, 0.014831
10600, 0.014878
10610, 0.014940
10620, 0.014823
10630, 0.015007
10640, 0.015013
10650, 0.014967
10660, 0.015009
10670, 0.015033
10680, 0.014900
10690, 0.015105
10700, 0.013550
10710, 0.015045
10720, 0.015198
10730, 0.015093
10740, 0.015263
10750, 0.015118
10760, 0.015114
10770, 0.015095
10780, 0.015285
10790, 0.015236
10800, 0.015293
10810, 0.015272
10820, 0.015130
10830, 0.015445
10840, 0.015206
10850, 0.015207
10860, 0.015231
10870, 0.015219
10880, 0.015231
10890, 0.015222
10900, 0.015278
10910, 0.015248
10920, 0.015333
10930, 0.015350
10940, 0.015355
10950, 0.015386
10960, 0.015407
10970, 0.015403
10980, 0.015425
10990, 0.015348
11000, 0.015510
11010, 0.015545
11020, 0.015338
11030, 0.015480
11040, 0.015450
11050, 0.015428
11060, 0.015561
11070, 0.015489
11080, 0.015503
11090, 0.015545
11100, 0.015628
11110, 0.015483
11120, 0.015810
11130, 0.015944
11140, 0.015605
11150, 0.015584
11160, 0.015746
11170, 0.015509
11180, 0.015400
11190, 0.015638
11200, 0.015708
11210, 0.015635
11220, 0.015874
11230, 0.015704
11240, 0.015604
11250, 0.015790
11260, 0.015730
11270, 0.015976
11280, 0.015866
11290, 0.015674
11300, 0.015818
11310, 0.015911
11320, 0.015825
11330, 0.015965
11340, 0.015876
11350, 0.015781
11360, 0.015883
11370, 0.015873
11380, 0.015952
11390, 0.015936
11400, 0.016027
11410, 0.016065
11420, 0.012684
11430, 0.014364
11440, 0.012664
11450, 0.014402
11460, 0.014647
11470, 0.014758
11480, 0.014579
11490, 0.014717
11500, 0.014765
11510, 0.014725
11520, 0.014793
11530, 0.014841
11540, 0.014863
11550, 0.014861
11560, 0.015137
11570, 0.013330
11580, 0.015001
11590, 0.014907
11600, 0.014988
11610, 0.013285
11620, 0.014963
11630, 0.014863
11640, 0.014970
11650, 0.015041
11660, 0.015017
11670, 0.015099
11680, 0.015068
11690, 0.015138
11700, 0.015394
11710, 0.015151
11720, 0.015157
11730, 0.015017
11740, 0.015172
11750, 0.015198
11760, 0.015225
11770, 0.015259
11780, 0.015405
11790, 0.015382
11800, 0.013572
11810, 0.015275
11820, 0.015395
11830, 0.013513
11840, 0.015321
11850, 0.015289
11860, 0.015384
11870, 0.015348
11880, 0.015375
11890, 0.015507
11900, 0.015370
11910, 0.015528
11920, 0.015270
11930, 0.015676
11940, 0.015467
11950, 0.015484
11960, 0.015356
11970, 0.015459
11980, 0.015360
11990, 0.013769
12000, 0.013677
12010, 0.013725
12020, 0.015395
12030, 0.015636
12040, 0.015498
12050, 0.015600
12060, 0.015523
12070, 0.015604
12080, 0.015565
12090, 0.015498
12100, 0.015554
12110, 0.015655
12120, 0.015518
12130, 0.015492
12140, 0.015828
12150, 0.015602
12160, 0.015821
12170, 0.015739
12180, 0.015580
12190, 0.015971
12200, 0.015781
12210, 0.015801
12220, 0.015733
12230, 0.015847
12240, 0.015859
12250, 0.015721
12260, 0.015771
12270, 0.014224
12280, 0.015961
12290, 0.016026
12300, 0.015910
12310, 0.016012
12320, 0.015682
12330, 0.015772
12340, 0.016064
12350, 0.015848
12360, 0.015990
12370, 0.015904
12380, 0.016039
12390, 0.015973
12400, 0.016101
12410, 0.016201
12420, 0.016123
12430, 0.016042
12440, 0.016037
12450, 0.016145
12460, 0.016014
12470, 0.016088
12480, 0.016069
12490, 0.016087
12500, 0.016153
12510, 0.016268
12520, 0.016347
12530, 0.016236
12540, 0.016185
12550, 0.016265
12560, 0.016210
12570, 0.016347
12580, 0.016299
12590, 0.016569
12600, 0.016406
12610, 0.014532
12620, 0.016383
12630, 0.016402
12640, 0.016479
12650, 0.016660
12660, 0.016614
12670, 0.014661
12680, 0.016587
12690, 0.016621
12700, 0.016554
12710, 0.016492
12720, 0.016792
12730, 0.016930
12740, 0.016961
12750, 0.016692
12760, 0.016749
12770, 0.016704
12780, 0.016802
12790, 0.016868
12800, 0.016803
12810, 0.016634
12820, 0.016821
12830, 0.016897
12840, 0.015090
12850, 0.016862
12860, 0.016868
12870, 0.016787
12880, 0.016840
12890, 0.016801
12900, 0.016930
12910, 0.016970
12920, 0.017135
12930, 0.017148
12940, 0.016961
12950, 0.016945
12960, 0.017070
12970, 0.017259
12980, 0.017075
12990, 0.017031
13000, 0.017068
13010, 0.017002
13020, 0.016940
13030, 0.017155
13040, 0.017107
13050, 0.017373
13060, 0.017061
13070, 0.015172
13080, 0.017137
13090, 0.017023
13100, 0.015160
13110, 0.017244
13120, 0.017090
13130, 0.017218
13140, 0.017297
13150, 0.015180
13160, 0.017454
13170, 0.017089
13180, 0.017235
13190, 0.017191
13200, 0.017166
13210, 0.017357
13220, 0.017326
13230, 0.017333
13240, 0.017284
13250, 0.017176
13260, 0.017425
13270, 0.017572
13280, 0.017443
13290, 0.017602
13300, 0.017432
13310, 0.017597
13320, 0.017732
13330, 0.017678
13340, 0.017558
13350, 0.017573
13360, 0.017476
13370, 0.017458
13380, 0.017343
13390, 0.017586
13400, 0.017520
13410, 0.015565
13420, 0.017629
13430, 0.017443
13440, 0.017555
13450, 0.017661
13460, 0.017588
13470, 0.017821
13480, 0.017635
13490, 0.017533
13500, 0.017575
13510, 0.017743
13520, 0.017763
13530, 0.017616
13540, 0.017643
13550, 0.015896
13560, 0.017678
13570, 0.017769
13580, 0.017826
13590, 0.017739
13600, 0.017839
13610, 0.017898
13620, 0.017932
13630, 0.017863
13640, 0.017860
13650, 0.017916
13660, 0.017804
13670, 0.016042
13680, 0.017917
13690, 0.017838
13700, 0.019302
13710, 0.018452
13720, 0.018572
13730, 0.020469
13740, 0.020397
13750, 0.017934
13760, 0.020064
13770, 0.019754
13780, 0.019795
13790, 0.019923
13800, 0.019781
13810, 0.019998
13820, 0.019744
13830, 0.019779
13840, 0.019751
13850, 0.019945
13860, 0.019817
13870, 0.019947
13880, 0.019789
13890, 0.017804
13900, 0.019959
13910, 0.020105
13920, 0.020014
13930, 0.019981
13940, 0.019822
13950, 0.020289
13960, 0.020038
13970, 0.019927
13980, 0.019981
13990, 0.018085
14000, 0.020230
14010, 0.019930
14020, 0.020009
14030, 0.020171
14040, 0.020194
14050, 0.020131
14060, 0.020123
14070, 0.018129
14080, 0.020393
14090, 0.020285
14100, 0.020073
14110, 0.020171
14120, 0.020172
14130, 0.020260
14140, 0.020273
14150, 0.020445
14160, 0.020610
14170, 0.020298
14180, 0.020131
14190, 0.018412
14200, 0.020322
14210, 0.020129
14220, 0.020505
14230, 0.020443
14240, 0.018356
14250, 0.020400
14260, 0.020537
14270, 0.020269
14280, 0.020248
14290, 0.020406
14300, 0.020433
14310, 0.020348
14320, 0.020479
14330, 0.020520
14340, 0.020474
14350, 0.020240
14360, 0.018308
14370, 0.020378
14380, 0.020543
14390, 0.020464
14400, 0.020351
14410, 0.020533
14420, 0.020465
14430, 0.020388
14440, 0.020423
14450, 0.020363
14460, 0.018126
14470, 0.020519
14480, 0.018476
14490, 0.020490
14500, 0.020467
14510, 0.020743
14520, 0.020340
14530, 0.020542
14540, 0.020646
14550, 0.020735
14560, 0.020782
14570, 0.020595
14580, 0.018367
14590, 0.020777
14600, 0.020646
14610, 0.020702
14620, 0.020822
14630, 0.021099
14640, 0.021018
14650, 0.020870
14660, 0.020820
14670, 0.020950
14680, 0.020843
14690, 0.021005
14700, 0.021046
14710, 0.021231
14720, 0.021130
14730, 0.020989
14740, 0.021111
14750, 0.021103
14760, 0.021203
14770, 0.021144
14780, 0.021098
14790, 0.021010
14800, 0.021158
14810, 0.021857
14820, 0.021558
14830, 0.021449
14840, 0.018756
14850, 0.021238
14860, 0.021288
14870, 0.021412
14880, 0.021233
14890, 0.021276
14900, 0.021157
14910, 0.021315
14920, 0.021248
14930, 0.021522
14940, 0.021370
14950, 0.021328
14960, 0.021337
14970, 0.021356
14980, 0.021511
14990, 0.021480
15000, 0.021361
15010, 0.021708
15020, 0.021500
15030, 0.021562
15040, 0.021599
15050, 0.021631
15060, 0.021649
15070, 0.021522
15080, 0.021562
15090, 0.021663
15100, 0.021494
15110, 0.021785
15120, 0.021744
15130, 0.021747
15140, 0.021797
15150, 0.021788
15160, 0.019407
15170, 0.022209
15180, 0.021875
15190, 0.021751
15200, 0.022266
15210, 0.022141
15220, 0.022099
15230, 0.022034
15240, 0.021994
15250, 0.022082
15260, 0.021941
15270, 0.021911
15280, 0.019506
15290, 0.021773
15300, 0.021944
15310, 0.022104
15320, 0.021907
15330, 0.021886
15340, 0.021848
15350, 0.021976
15360, 0.021826
15370, 0.019505
15380, 0.021997
15390, 0.021942
15400, 0.021973
15410, 0.022083
15420, 0.022140
15430, 0.022012
15440, 0.022127
15450, 0.022103
15460, 0.022169
15470, 0.022204
15480, 0.022108
15490, 0.019658
15500, 0.022455
15510, 0.022353
15520, 0.022327
15530, 0.022341
15540, 0.022565
15550, 0.022611
15560, 0.022375
15570, 0.022301
15580, 0.022600
15590, 0.022394
15600, 0.022330
15610, 0.022373
15620, 0.022381
15630, 0.022335
15640, 0.022436
15650, 0.022430
15660, 0.022508
15670, 0.022557
15680, 0.022396
15690, 0.022687
15700, 0.022468
15710, 0.022946
15720, 0.022600
15730, 0.022625
15740, 0.022602
15750, 0.022676
15760, 0.022614
15770, 0.022863
15780, 0.022490
15790, 0.022693
15800, 0.022571
15810, 0.022664
15820, 0.022567
15830, 0.022764
15840, 0.022708
15850, 0.022872
15860, 0.022698
15870, 0.022794
15880, 0.022699
15890, 0.022853
15900, 0.022931
15910, 0.022921
15920, 0.022841
15930, 0.022805
15940, 0.022862
15950, 0.022828
15960, 0.020492
15970, 0.022900
15980, 0.023077
15990, 0.023035
16000, 0.022835
16010, 0.022866
16020, 0.022885
16030, 0.022916
16040, 0.023060
16050, 0.022906
16060, 0.023089
16070, 0.021398
16080, 0.023007
16090, 0.022893
16100, 0.022946
16110, 0.022906
16120, 0.023125
16130, 0.023020
16140, 0.023015
16150, 0.022937
16160, 0.023190
16170, 0.023256
16180, 0.023111
16190, 0.023076
16200, 0.023093
16210, 0.023276
16220, 0.023170
16230, 0.023342
16240, 0.023064
16250, 0.023171
16260, 0.023276
16270, 0.023287
16280, 0.023143
16290, 0.023674
16300, 0.023331
16310, 0.023451
16320, 0.023366
16330, 0.023383
16340, 0.020768
16350, 0.023309
16360, 0.023398
16370, 0.023478
16380, 0.023269
16390, 0.023423
16400, 0.021637
16410, 0.020885
16420, 0.023304
16430, 0.023570
16440, 0.023407
16450, 0.023639
16460, 0.021859
16470, 0.023501
16480, 0.023744
16490, 0.020106
16500, 0.023658
16510, 0.023822
16520, 0.023569
16530, 0.023894
16540, 0.024188
16550, 0.023885
16560, 0.023912
16570, 0.023893
16580, 0.022089
16590, 0.023746
16600, 0.023847
16610, 0.023789
16620, 0.024020
16630, 0.023905
16640, 0.024066
16650, 0.024095
16660, 0.024178
16670, 0.024090
16680, 0.023901
16690, 0.024129
16700, 0.024204
16710, 0.024051
16720, 0.022347
16730, 0.024085
16740, 0.024311
16750, 0.024545
16760, 0.024063
16770, 0.024262
16780, 0.024149
16790, 0.024392
16800, 0.024172
16810, 0.024314
16820, 0.021841
16830, 0.024840
16840, 0.024476
16850, 0.024286
16860, 0.024159
16870, 0.024198
16880, 0.024511
16890, 0.022672
16900, 0.024424
16910, 0.024380
16920, 0.024494
16930, 0.024558
16940, 0.024667
16950, 0.024554
16960, 0.024716
16970, 0.024557
16980, 0.024743
16990, 0.024957
17000, 0.024698
17010, 0.024483
17020, 0.024761
17030, 0.025099
17040, 0.025287
17050, 0.024834
17060, 0.025000
17070, 0.024687
17080, 0.024867
17090, 0.024714
17100, 0.022904
17110, 0.024679
17120, 0.024698
17130, 0.024858
17140, 0.024707
17150, 0.024737
17160, 0.024861
17170, 0.024909
17180, 0.019692
17190, 0.022515
17200, 0.022608
17210, 0.018591
17220, 0.022800
17230, 0.020521
17240, 0.023087
17250, 0.023236
17260, 0.022975
17270, 0.023050
17280, 0.023136
17290, 0.021426
17300, 0.023247
17310, 0.023293
17320, 0.023253
17330, 0.023255
17340, 0.023429
17350, 0.023181
17360, 0.023247
17370, 0.023127
17380, 0.023334
17390, 0.023103
17400, 0.023613
17410, 0.023468
17420, 0.023444
17430, 0.023467
17440, 0.023482
17450, 0.023342
17460, 0.024650
17470, 0.021711
17480, 0.024622
17490, 0.021748
17500, 0.024544
17510, 0.024386
17520, 0.024286
17530, 0.024463
17540, 0.022726
17550, 0.024464
17560, 0.024375
17570, 0.024763
17580, 0.024657
17590, 0.024643
17600, 0.024897
17610, 0.024647
17620, 0.024594
17630, 0.022769
17640, 0.024630
17650, 0.024708
17660, 0.024560
17670, 0.024659
17680, 0.021801
17690, 0.024636
17700, 0.024905
17710, 0.023021
17720, 0.024871
17730, 0.024801
17740, 0.024763
17750, 0.023159
17760, 0.024822
17770, 0.024804
17780, 0.024738
17790, 0.023126
17800, 0.023153
17810, 0.024786
17820, 0.022182
17830, 0.025168
17840, 0.023563
17850, 0.024990
17860, 0.024937
17870, 0.023245
17880, 0.024909
17890, 0.024908
17900, 0.025237
17910, 0.022227
17920, 0.024928
17930, 0.025207
17940, 0.025280
17950, 0.025164
17960, 0.027433
17970, 0.026882
17980, 0.026689
17990, 0.026549
18000, 0.026593
18010, 0.026546
18020, 0.026602
18030, 0.026733
18040, 0.026492
18050, 0.026427
18060, 0.026496
18070, 0.026442
18080, 0.026521
18090, 0.026380
18100, 0.026566
18110, 0.023771
18120, 0.026612
18130, 0.026330
18140, 0.026523
18150, 0.026395
18160, 0.026322
18170, 0.026348
18180, 0.026436
18190, 0.026423
18200, 0.025219
18210, 0.026806
18220, 0.026475
18230, 0.026471
18240, 0.026666
18250, 0.026414
18260, 0.026263
18270, 0.026490
18280, 0.026553
18290, 0.026490
18300, 0.026580
18310, 0.026658
18320, 0.026938
18330, 0.027094
18340, 0.027102
18350, 0.027087
18360, 0.027038
18370, 0.026671
18380, 0.025623
18390, 0.026619
18400, 0.024172
18410, 0.027168
18420, 0.027030
18430, 0.027063
18440, 0.026890
18450, 0.026853
18460, 0.027044
18470, 0.027032
18480, 0.025449
18490, 0.026866
18500, 0.027086
18510, 0.026997
18520, 0.026874
18530, 0.027160
18540, 0.027132
18550, 0.027222
18560, 0.026867
18570, 0.026897
18580, 0.026931
18590, 0.027322
18600, 0.027106
18610, 0.027188
18620, 0.027229
18630, 0.027054
18640, 0.026908
18650, 0.026058
18660, 0.026199
18670, 0.026337
18680, 0.024688
18690, 0.024606
18700, 0.026206
18710, 0.024718
18720, 0.026308
18730, 0.026450
18740, 0.026349
18750, 0.026199
18760, 0.023523
18770, 0.026352
18780, 0.026660
18790, 0.026632
18800, 0.026502
18810, 0.026588
18820, 0.025561
18830, 0.026644
18840, 0.026443
18850, 0.026508
18860, 0.026389
18870, 0.026503
18880, 0.026385
18890, 0.026548
18900, 0.024020
18910, 0.026803
18920, 0.023652
18930, 0.026426
18940, 0.024879
18950, 0.026486
18960, 0.026842
18970, 0.026967
18980, 0.026629
18990, 0.026727
19000, 0.026995
19010, 0.026957
19020, 0.026883
19030, 0.026781
19040, 0.026982
19050, 0.027166
19060, 0.026830
19070, 0.027233
19080, 0.026906
19090, 0.027140
19100, 0.027284
19110, 0.027225
19120, 0.025877
19130, 0.024018
19140, 0.026946
19150, 0.026783
19160, 0.026944
19170, 0.027124
19180, 0.027194
19190, 0.026958
19200, 0.026916
19210, 0.026900
19220, 0.027460
19230, 0.027176
19240, 0.027022
19250, 0.026867
19260, 0.027311
19270, 0.027112
19280, 0.027150
19290, 0.026834
19300, 0.028254
19310, 0.027702
19320, 0.027408
19330, 0.027668
19340, 0.027114
19350, 0.027748
19360, 0.027485
19370, 0.027237
19380, 0.025849
19390, 0.027429
19400, 0.027210
19410, 0.027448
19420, 0.027306
19430, 0.027394
19440, 0.027239
19450, 0.027378
19460, 0.027341
19470, 0.027427
19480, 0.027307
19490, 0.027363
19500, 0.027372
19510, 0.027398
19520, 0.028465
19530, 0.027577
19540, 0.027624
19550, 0.027615
19560, 0.027579
19570, 0.024673
19580, 0.027190
19590, 0.027195
19600, 0.027362
19610, 0.027184
19620, 0.027702
19630, 0.027407
19640, 0.027369
19650, 0.027471
19660, 0.027561
19670, 0.027424
19680, 0.027425
19690, 0.027399
19700, 0.027622
19710, 0.027582
19720, 0.027763
19730, 0.027477
19740, 0.027445
19750, 0.027500
19760, 0.027616
19770, 0.027483
19780, 0.027657
19790, 0.027451
19800, 0.027530
19810, 0.027889
19820, 0.027536
19830, 0.027546
19840, 0.027424
19850, 0.027701
19860, 0.027927
19870, 0.027694
19880, 0.027675
19890, 0.027632
19900, 0.027759
19910, 0.027466
19920, 0.027639
19930, 0.027870
19940, 0.027685
19950, 0.027719
19960, 0.027697
19970, 0.027742
19980, 0.027777
19990, 0.027780
20000, 0.027776
20010, 0.027792
20020, 0.027711
20030, 0.027836
20040, 0.027881
20050, 0.027753
20060, 0.027798
20070, 0.028304
20080, 0.030308
20090, 0.032798
20100, 0.031519
20110, 0.029753
20120, 0.035910
20130, 0.030562
20140, 0.028654
20150, 0.026688
20160, 0.028882
20170, 0.026689
20180, 0.027702
20190, 0.029274
20200, 0.030482
20210, 0.028548
20220, 0.029601
20230, 0.029212
20240, 0.028980
20250, 0.028897
20260, 0.029006
20270, 0.029391
20280, 0.028951
20290, 0.029152
20300, 0.029174
20310, 0.029355
20320, 0.029071
20330, 0.029076
20340, 0.029202
20350, 0.026517
20360, 0.026332
20370, 0.026510
20380, 0.026471
20390, 0.029191
20400, 0.029082
20410, 0.029225
20420, 0.029923
20430, 0.029429
20440, 0.028987
20450, 0.029483
20460, 0.030206
20470, 0.028909
20480, 0.028374
20490, 0.029433
20500, 0.029325
20510, 0.029357
20520, 0.029456
20530, 0.029257
20540, 0.029618
20550, 0.029629
20560, 0.029349
20570, 0.029622
20580, 0.028469
20590, 0.029795
20600, 0.029561
20610, 0.029856
20620, 0.028771
20630, 0.028701
20640, 0.029558
20650, 0.029913
20660, 0.028943
20670, 0.029556
20680, 0.029213
20690, 0.027987
20700, 0.029029
20710, 0.029406
20720, 0.029063
20730, 0.029081
20740, 0.029203
20750, 0.028842
20760, 0.026375
20770, 0.028999
20780, 0.028756
20790, 0.029004
20800, 0.028865
20810, 0.028914
20820, 0.026416
20830, 0.023850
20840, 0.028899
20850, 0.026371
20860, 0.029043
20870, 0.028958
20880, 0.029090
20890, 0.029159
20900, 0.029127
20910, 0.028991
20920, 0.027810
20930, 0.029081
20940, 0.029258
20950, 0.029032
20960, 0.029260
20970, 0.029280
20980, 0.026556
20990, 0.029174
21000, 0.029385
21010, 0.029458
21020, 0.029492
21030, 0.029412
21040, 0.029429
21050, 0.028239
21060, 0.026850
21070, 0.029417
21080, 0.028229
21090, 0.029491
21100, 0.029309
21110, 0.029442
21120, 0.026824
21130, 0.028322
21140, 0.029627
21150, 0.028160
21160, 0.028266
21170, 0.028850
21180, 0.028462
21190, 0.028578
21200, 0.028739
21210, 0.027922
21220, 0.026888
21230, 0.027732
21240, 0.028164
21250, 0.029261
21260, 0.029634
21270, 0.029708
21280, 0.029981
21290, 0.029775
21300, 0.029889
21310, 0.029803
21320, 0.029765
21330, 0.029839
21340, 0.030174
21350, 0.029876
21360, 0.030525
21370, 0.031628
21380, 0.031783
21390, 0.033163
21400, 0.032148
21410, 0.032284
21420, 0.030909
21430, 0.031091
21440, 0.030764
21450, 0.030346
21460, 0.030475
21470, 0.031247
21480, 0.030785
21490, 0.030485
21500, 0.030416
21510, 0.030338
21520, 0.028968
21530, 0.030255
21540, 0.030123
21550, 0.030188
21560, 0.030094
21570, 0.030204
21580, 0.030228
21590, 0.030302
21600, 0.030173
21610, 0.030419
21620, 0.030307
21630, 0.030403
21640, 0.030255
21650, 0.030496
21660, 0.030433
21670, 0.030411
21680, 0.030320
21690, 0.030364
21700, 0.029199
21710, 0.030452
21720, 0.030552
21730, 0.030497
21740, 0.030431
21750, 0.027901
21760, 0.030544
21770, 0.027826
21780, 0.030789
21790, 0.030475
21800, 0.030577
21810, 0.030679
21820, 0.030655
21830, 0.030711
21840, 0.030496
21850, 0.030741
21860, 0.030557
21870, 0.030870
21880, 0.030959
21890, 0.030705
21900, 0.030957
21910, 0.030600
21920, 0.030905
21930, 0.029561
21940, 0.030957
21950, 0.030883
21960, 0.029827
21970, 0.030853
21980, 0.030997
21990, 0.030968
22000, 0.030942
22010, 0.030860
22020, 0.030888
22030, 0.030916
22040, 0.031272
22050, 0.030223
22060, 0.030926
22070, 0.030889
22080, 0.028758
22090, 0.030971
22100, 0.031234
22110, 0.030197
22120, 0.030912
22130, 0.031161
22140, 0.031847
22150, 0.032192
22160, 0.032067
22170, 0.032106
22180, 0.032057
22190, 0.032067
22200, 0.032330
22210, 0.031045
22220, 0.029486
22230, 0.031080
22240, 0.032297
22250, 0.031931
22260, 0.032336
22270, 0.032154
22280, 0.032265
22290, 0.032139
22300, 0.032516
22310, 0.032105
22320, 0.031579
22330, 0.031424
22340, 0.031287
22350, 0.031519
22360, 0.033264
22370, 0.029992
22380, 0.031190
22390, 0.032263
22400, 0.032222
22410, 0.032219
22420, 0.032241
22430, 0.032470
22440, 0.032326
22450, 0.029854
22460, 0.032185
22470, 0.032652
22480, 0.032511
22490, 0.032639
22500, 0.032488
22510, 0.032343
22520, 0.032607
22530, 0.032426
22540, 0.031380
22550, 0.032634
22560, 0.031858
22570, 0.031091
22580, 0.032261
22590, 0.032582
22600, 0.032961
22610, 0.031695
22620, 0.032628
22630, 0.032789
22640, 0.032753
22650, 0.032561
22660, 0.032518
22670, 0.032679
22680, 0.033004
22690, 0.032927
22700, 0.032948
22710, 0.032673
22720, 0.032792
22730, 0.032982
22740, 0.033127
22750, 0.028481
22760, 0.032916
22770, 0.032936
22780, 0.032760
22790, 0.033039
22800, 0.032725
22810, 0.031819
22820, 0.032874
22830, 0.033196
22840, 0.033149
22850, 0.032991
22860, 0.033000
22870, 0.033328
22880, 0.033133
22890, 0.030364
22900, 0.033196
22910, 0.033042
22920, 0.034621
22930, 0.033444
22940, 0.033431
22950, 0.032406
22960, 0.034031
22970, 0.033205
22980, 0.033227
22990, 0.032296
23000, 0.033160
23010, 0.033380
23020, 0.033222
23030, 0.033579
23040, 0.033886
23050, 0.034177
23060, 0.033652
23070, 0.033282
23080, 0.032989
23090, 0.033593
23100, 0.033342
23110, 0.033358
23120, 0.033502
23130, 0.033440
23140, 0.033748
23150, 0.033500
23160, 0.028800
23170, 0.033454
23180, 0.033383
23190, 0.033518
23200, 0.032102
23210, 0.033612
23220, 0.033525
23230, 0.033717
23240, 0.033645
23250, 0.033358
23260, 0.033187
23270, 0.033747
23280, 0.033460
23290, 0.033858
23300, 0.033829
23310, 0.035653
23320, 0.034916
23330, 0.034676
23340, 0.034855
23350, 0.034762
23360, 0.033974
23370, 0.034113
23380, 0.034077
23390, 0.033734
23400, 0.033134
23410, 0.033701
23420, 0.033833
23430, 0.033871
23440, 0.034736
23450, 0.033891
23460, 0.034008
23470, 0.034775
23480, 0.034707
23490, 0.034294
23500, 0.034315
23510, 0.033063
23520, 0.034678
23530, 0.034230
23540, 0.035009
23550, 0.034586
23560, 0.034825
23570, 0.034219
23580, 0.034379
23590, 0.034344
23600, 0.035013
23610, 0.034739
23620, 0.034741
23630, 0.036032
23640, 0.033626
23650, 0.034174
23660, 0.034173
23670, 0.034330
23680, 0.034049
23690, 0.033406
23700, 0.034240
23710, 0.034489
23720, 0.034138
23730, 0.034131
23740, 0.034444
23750, 0.034283
23760, 0.034326
23770, 0.034140
23780, 0.034822
23790, 0.037273
23800, 0.036144
23810, 0.036320
23820, 0.036329
23830, 0.033530
23840, 0.035741
23850, 0.036398
23860, 0.036095
23870, 0.035895
23880, 0.035534
23890, 0.035953
23900, 0.034858
23910, 0.034098
23920, 0.034616
23930, 0.034509
23940, 0.034888
23950, 0.034697
23960, 0.034739
23970, 0.034490
23980, 0.031436
23990, 0.034863
24000, 0.034665
24010, 0.034743
24020, 0.034641
24030, 0.034747
24040, 0.034823
24050, 0.032322
24060, 0.034863
24070, 0.035014
24080, 0.034998
24090, 0.034807
24100, 0.034885
24110, 0.034805
24120, 0.034872
24130, 0.034956
24140, 0.034229
24150, 0.035041
24160, 0.032546
24170, 0.034797
24180, 0.035008
24190, 0.034980
24200, 0.034813
24210, 0.032695
24220, 0.035180
24230, 0.034985
24240, 0.035257
24250, 0.034935
24260, 0.034890
24270, 0.035046
24280, 0.035217
24290, 0.035018
24300, 0.035047
24310, 0.034998
24320, 0.034998
24330, 0.032778
24340, 0.035264
24350, 0.035235
24360, 0.030808
24370, 0.033820
24380, 0.033781
24390, 0.033978
24400, 0.032106
24410, 0.030593
24420, 0.033839
24430, 0.033793
24440, 0.033806
24450, 0.030409
24460, 0.034048
24470, 0.034271
24480, 0.033717
24490, 0.031529
24500, 0.033970
24510, 0.034087
24520, 0.033501
24530, 0.034071
24540, 0.033978
24550, 0.033926
24560, 0.033983
24570, 0.033939
24580, 0.034086
24590, 0.034116
24600, 0.033696
24610, 0.034225
24620, 0.034064
24630, 0.033774
24640, 0.034141
24650, 0.034015
24660, 0.034389
24670, 0.033361
24680, 0.034171
24690, 0.033987
24700, 0.033155
24710, 0.033733
24720, 0.033383
24730, 0.033688
24740, 0.033625
24750, 0.033370
24760, 0.033262
24770, 0.034253
24780, 0.034940
24790, 0.037116
24800, 0.036812
24810, 0.036643
24820, 0.036431
24830, 0.036451
24840, 0.035714
24850, 0.034268
24860, 0.034384
24870, 0.034798
24880, 0.035097
24890, 0.035304
24900, 0.034963
24910, 0.035145
24920, 0.035277
24930, 0.034443
24940, 0.034540
24950, 0.032822
24960, 0.035483
24970, 0.035543
24980, 0.035197
24990, 0.035293
25000, 0.035488
25010, 0.035278
25020, 0.035254
25030, 0.035509
25040, 0.035303
25050, 0.034823
25060, 0.035400
25070, 0.035476
25080, 0.035199
25090, 0.035647
25100, 0.034679
25110, 0.035611
25120, 0.034929
25130, 0.035555
25140, 0.033280
25150, 0.035569
25160, 0.035572
25170, 0.035836
25180, 0.035660
25190, 0.035631
25200, 0.035536
25210, 0.035570
25220, 0.035604
25230, 0.035794
25240, 0.035720
25250, 0.036517
25260, 0.035584
25270, 0.035688
25280, 0.035870
25290, 0.035610
25300, 0.033446
25310, 0.035983
25320, 0.036221
25330, 0.035825
25340, 0.033474
25350, 0.035947
25360, 0.035993
25370, 0.035874
25380, 0.036053
25390, 0.036026
25400, 0.035372
25410, 0.036202
25420, 0.035951
25430, 0.035415
25440, 0.033588
25450, 0.036036
25460, 0.035998
25470, 0.036147
25480, 0.036194
25490, 0.036269
25500, 0.036200
25510, 0.036200
25520, 0.036124
25530, 0.036225
25540, 0.036217
25550, 0.036459
25560, 0.035732
25570, 0.036137
25580, 0.036175
25590, 0.034048
25600, 0.036088
25610, 0.036240
25620, 0.036353
25630, 0.036385
25640, 0.036241
25650, 0.036370
25660, 0.037005
25670, 0.039819
25680, 0.037651
25690, 0.036668
25700, 0.036357
25710, 0.036350
25720, 0.036826
25730, 0.036600
25740, 0.035808
25750, 0.036506
25760, 0.036665
25770, 0.036513
25780, 0.034444
25790, 0.036430
25800, 0.036435
25810, 0.037893
25820, 0.040474
25830, 0.044014
25840, 0.037775
25850, 0.037466
25860, 0.037781
25870, 0.037643
25880, 0.037803
25890, 0.037692
25900, 0.037923
25910, 0.037770
25920, 0.037691
25930, 0.035108
25940, 0.037830
25950, 0.037656
25960, 0.037916
25970, 0.037735
25980, 0.038279
25990, 0.037705
26000, 0.038184
26010, 0.037972
26020, 0.038563
26030, 0.040757
26040, 0.040501
26050, 0.040446
26060, 0.040839
26070, 0.038052
26080, 0.040244
26090, 0.040574
26100, 0.040501
26110, 0.034557
26120, 0.037379
26130, 0.038462
26140, 0.038125
26150, 0.042081
26160, 0.039760
26170, 0.041694
26180, 0.039220
26190, 0.039393
26200, 0.039155
26210, 0.039179
26220, 0.039791
26230, 0.039521
26240, 0.041359
26250, 0.040668
26260, 0.041497
26270, 0.038400
26280, 0.040928
26290, 0.040895
26300, 0.040628
26310, 0.039892
26320, 0.037016
26330, 0.036773
26340, 0.037314
26350, 0.037854
26360, 0.037815
26370, 0.037463
26380, 0.037772
26390, 0.037866
26400, 0.043640
26410, 0.041533
26420, 0.040567
26430, 0.040802
26440, 0.040411
26450, 0.040517
26460, 0.035953
26470, 0.040190
26480, 0.040981
26490, 0.039666
26500, 0.040782
26510, 0.041419
26520, 0.040967
26530, 0.043911
26540, 0.040627
26550, 0.040910
26560, 0.039364
26570, 0.040376
26580, 0.039853
26590, 0.038722
26600, 0.038564
26610, 0.037763
26620, 0.037280
26630, 0.037444
26640, 0.037146
26650, 0.038216
26660, 0.038346
26670, 0.037545
26680, 0.037593
26690, 0.037696
26700, 0.037470
26710, 0.037486
26720, 0.037392
26730, 0.037137
26740, 0.037558
26750, 0.037574
26760, 0.037116
26770, 0.037857
26780, 0.037790
26790, 0.037526
26800, 0.037831
26810, 0.037619
26820, 0.035690
26830, 0.037904
26840, 0.037638
26850, 0.037916
26860, 0.037760
26870, 0.037816
26880, 0.038049
26890, 0.037844
26900, 0.037785
26910, 0.037958
26920, 0.037937
26930, 0.037939
26940, 0.038124
26950, 0.037873
26960, 0.037980
26970, 0.038000
26980, 0.038029
26990, 0.037902
27000, 0.038184
27010, 0.038171
27020, 0.038071
27030, 0.038129
27040, 0.038449
27050, 0.038310
27060, 0.038223
27070, 0.038248
27080, 0.037848
27090, 0.038387
27100, 0.038409
27110, 0.036122
27120, 0.038435
27130, 0.038235
27140, 0.038519
27150, 0.038374
27160, 0.038493
27170, 0.038543
27180, 0.038418
27190, 0.038648
27200, 0.038352
27210, 0.037925
27220, 0.037936
27230, 0.038358
27240, 0.038330
27250, 0.038374
27260, 0.038366
27270, 0.038338
27280, 0.038386
27290, 0.038379
27300, 0.038414
27310, 0.036489
27320, 0.038492
27330, 0.038579
27340, 0.038909
27350, 0.036403
27360, 0.038854
27370, 0.036388
27380, 0.036082
27390, 0.038601
27400, 0.038820
27410, 0.038660
27420, 0.038899
27430, 0.038980
27440, 0.036612
27450, 0.038826
27460, 0.038697
27470, 0.038699
27480, 0.038690
27490, 0.038999
27500, 0.036519
27510, 0.036954
27520, 0.039026
27530, 0.036607
27540, 0.038931
27550, 0.038707
27560, 0.039188
27570, 0.038907
27580, 0.036719
27590, 0.039161
27600, 0.038983
27610, 0.039015
27620, 0.038726
27630, 0.038877
27640, 0.038925
27650, 0.036575
27660, 0.039237
27670, 0.039359
27680, 0.039527
27690, 0.038962
27700, 0.039123
27710, 0.039050
27720, 0.039281
27730, 0.039356
27740, 0.039270
27750, 0.039106
27760, 0.039163
27770, 0.039161
27780, 0.037015
27790, 0.039458
27800, 0.039156
27810, 0.039352
27820, 0.039405
27830, 0.039379
27840, 0.039035
27850, 0.039552
27860, 0.039290
27870, 0.039319
27880, 0.039583
27890, 0.039545
27900, 0.039439
27910, 0.039324
27920, 0.039443
27930, 0.037455
27940, 0.039662
27950, 0.039496
27960, 0.039689
27970, 0.039505
27980, 0.039675
27990, 0.039543
28000, 0.039721
28010, 0.039411
28020, 0.039285
28030, 0.039394
28040, 0.039620
28050, 0.039694
28060, 0.039538
28070, 0.039658
28080, 0.039630
28090, 0.039829
28100, 0.039172
28110, 0.039659
28120, 0.039567
28130, 0.039752
28140, 0.039730
28150, 0.037711
28160, 0.039653
28170, 0.039937
28180, 0.039646
28190, 0.039216
28200, 0.039529
28210, 0.039914
28220, 0.039767
28230, 0.039767
28240, 0.039778
28250, 0.039865
28260, 0.039434
28270, 0.040073
28280, 0.037612
28290, 0.040110
28300, 0.039859
28310, 0.040046
28320, 0.039727
28330, 0.039753
28340, 0.039549
28350, 0.039778
28360, 0.040131
28370, 0.039858
28380, 0.037624
28390, 0.040008
28400, 0.039873
28410, 0.040034
28420, 0.040136
28430, 0.039944
28440, 0.037826
28450, 0.040171
28460, 0.039748
28470, 0.037735
28480, 0.040062
28490, 0.040205
28500, 0.037640
28510, 0.040136
28520, 0.040142
28530, 0.037742
28540, 0.039947
28550, 0.040016
28560, 0.039772
28570, 0.040168
28580, 0.039985
28590, 0.039993
28600, 0.040035
28610, 0.040037
28620, 0.040015
28630, 0.040042
28640, 0.040243
28650, 0.040203
28660, 0.040071
28670, 0.040207
28680, 0.040130
28690, 0.040277
28700, 0.038350
28710, 0.040260
28720, 0.040204
28730, 0.040246
28740, 0.040297
28750, 0.040188
28760, 0.040366
28770, 0.040287
28780, 0.040378
28790, 0.040205
28800, 0.040139
28810, 0.040401
28820, 0.035892
28830, 0.040365
28840, 0.040446
28850, 0.040444
28860, 0.040434
28870, 0.040653
28880, 0.040746
28890, 0.041125
28900, 0.040336
28910, 0.040649
28920, 0.040506
28930, 0.040879
28940, 0.040566
28950, 0.040898
28960, 0.040616
28970, 0.040724
28980, 0.040724
28990, 0.040669
29000, 0.038913
29010, 0.040926
29020, 0.040906
29030, 0.041271
29040, 0.040824
29050, 0.040988
29060, 0.040953
29070, 0.038730
29080, 0.041030
29090, 0.040993
29100, 0.041046
29110, 0.038812
29120, 0.040937
29130, 0.040804
29140, 0.041197
29150, 0.041027
29160, 0.041221
29170, 0.041430
29180, 0.041286
29190, 0.041145
29200, 0.041067
29210, 0.041027
29220, 0.039438
29230, 0.041274
29240, 0.041314
29250, 0.041716
29260, 0.041221
29270, 0.041172
29280, 0.041135
29290, 0.041471
29300, 0.041416
29310, 0.039202
29320, 0.041477
29330, 0.041485
29340, 0.041296
29350, 0.041588
29360, 0.041619
29370, 0.041497
29380, 0.039361
29390, 0.041520
29400, 0.041603
29410, 0.041781
29420, 0.041465
29430, 0.041515
29440, 0.041299
29450, 0.041689
29460, 0.041593
29470, 0.041825
29480, 0.041558
29490, 0.041676
29500, 0.042043
29510, 0.041799
29520, 0.041985
29530, 0.041731
29540, 0.041739
29550, 0.041603
29560, 0.041874
29570, 0.041739
29580, 0.041841
29590, 0.041958
29600, 0.039762
29610, 0.041929
29620, 0.042007
29630, 0.041766
29640, 0.039924
29650, 0.041763
29660, 0.041862
29670, 0.042131
29680, 0.041851
29690, 0.041990
29700, 0.042103
29710, 0.042301
29720, 0.041998
29730, 0.042069
29740, 0.041880
29750, 0.042155
29760, 0.039802
29770, 0.042094
29780, 0.042068
29790, 0.042448
29800, 0.042186
29810, 0.041821
29820, 0.042163
29830, 0.042326
29840, 0.042189
29850, 0.042186
29860, 0.042239
29870, 0.040147
29880, 0.042449
29890, 0.042403
29900, 0.042260
29910, 0.042436
29920, 0.042338
29930, 0.042583
29940, 0.042433
29950, 0.042773
29960, 0.042327
29970, 0.042220
29980, 0.042536
29990, 0.040331
30000, 0.042115
30010, 0.042152
30020, 0.042418
30030, 0.042439
30040, 0.042774
30050, 0.042552
30060, 0.038314
30070, 0.042610
30080, 0.042531
30090, 0.042538
30100, 0.042753
30110, 0.042617
30120, 0.042697
30130, 0.042645
30140, 0.042717
30150, 0.042666
30160, 0.042642
30170, 0.042632
30180, 0.042809
30190, 0.042803
30200, 0.040589
30210, 0.042857
30220, 0.042713
30230, 0.042922
30240, 0.042860
30250, 0.042790
30260, 0.042897
30270, 0.042849
30280, 0.042873
30290, 0.043032
30300, 0.042953
30310, 0.042868
30320, 0.042913
30330, 0.042820
30340, 0.042907
30350, 0.043164
30360, 0.042923
30370, 0.040699
30380, 0.043092
30390, 0.043076
30400, 0.042893
30410, 0.043039
30420, 0.043247
30430, 0.043191
30440, 0.043451
30450, 0.040942
30460, 0.040974
30470, 0.041217
30480, 0.043279
30490, 0.043307
30500, 0.043339
30510, 0.043200
30520, 0.043353
30530, 0.043222
30540, 0.043302
30550, 0.043282
30560, 0.043207
30570, 0.041372
30580, 0.043186
30590, 0.043156
30600, 0.043141
30610, 0.043412
30620, 0.043437
30630, 0.043451
30640, 0.043154
30650, 0.043448
30660, 0.043275
30670, 0.041244
30680, 0.043632
30690, 0.043321
30700, 0.043676
30710, 0.043541
30720, 0.043330
30730, 0.043496
30740, 0.043396
30750, 0.043323
30760, 0.043606
30770, 0.041468
30780, 0.043532
30790, 0.043382
30800, 0.043608
30810, 0.043636
30820, 0.043559
30830, 0.043589
30840, 0.043441
30850, 0.043621
30860, 0.043564
30870, 0.043642
30880, 0.043712
30890, 0.043593
30900, 0.043647
30910, 0.043768
30920, 0.043622
30930, 0.043731
30940, 0.043760
30950, 0.043660
30960, 0.043875
30970, 0.043922
30980, 0.043814
30990, 0.043995
31000, 0.043822
31010, 0.043808
31020, 0.041756
31030, 0.043984
31040, 0.043980
31050, 0.043924
31060, 0.043925
31070, 0.043992
31080, 0.044202
31090, 0.041883
31100, 0.044100
31110, 0.044094
31120, 0.043822
31130, 0.044212
31140, 0.044103
31150, 0.044117
31160, 0.044041
31170, 0.044022
31180, 0.044255
31190, 0.044423
31200, 0.044253
31210, 0.043993
31220, 0.044222
31230, 0.044078
31240, 0.044217
31250, 0.044240
31260, 0.044251
31270, 0.042331
31280, 0.044241
31290, 0.044403
31300, 0.044170
31310, 0.044443
31320, 0.044450
31330, 0.042338
31340, 0.044323
31350, 0.044269
31360, 0.044292
31370, 0.044245
31380, 0.044390
31390, 0.044464
31400, 0.044406
31410, 0.044637
31420, 0.044308
31430, 0.044494
31440, 0.044326
31450, 0.044587
31460, 0.044552
31470, 0.044580
31480, 0.044463
31490, 0.044426
31500, 0.044364
31510, 0.044527
31520, 0.044557
31530, 0.042802
31540, 0.044577
31550, 0.044545
31560, 0.044550
31570, 0.044392
31580, 0.044559
31590, 0.044585
31600, 0.044537
31610, 0.044659
31620, 0.044585
31630, 0.044618
31640, 0.044577
31650, 0.044641
31660, 0.044738
31670, 0.042826
31680, 0.044755
31690, 0.044785
31700, 0.044477
31710, 0.044358
31720, 0.045122
31730, 0.045012
31740, 0.044788
31750, 0.044692
31760, 0.044620
31770, 0.044429
31780, 0.044180
31790, 0.044079
31800, 0.044141
31810, 0.043989
31820, 0.044015
31830, 0.043979
31840, 0.043907
31850, 0.041661
31860, 0.044166
31870, 0.044070
31880, 0.044069
31890, 0.044144
31900, 0.043865
31910, 0.044320
31920, 0.045029
31930, 0.046561
31940, 0.046625
31950, 0.046443
31960, 0.046751
31970, 0.046511
31980, 0.046483
31990, 0.046464
32000, 0.046464
32010, 0.046541
32020, 0.046646
32030, 0.046537
32040, 0.046657
32050, 0.044815
32060, 0.046569
32070, 0.046896
32080, 0.046759
32090, 0.046785
32100, 0.046637
32110, 0.046840
32120, 0.044691
32130, 0.046776
32140, 0.046781
32150, 0.046852
32160, 0.046752
32170, 0.046795
32180, 0.046802
32190, 0.047046
32200, 0.047159
32210, 0.046804
32220, 0.046811
32230, 0.046778
32240, 0.044891
32250, 0.046791
32260, 0.046942
32270, 0.046815
32280, 0.046781
32290, 0.047062
32300, 0.046609
32310, 0.045618
32320, 0.045710
32330, 0.045720
32340, 0.045736
32350, 0.045415
32360, 0.045934
32370, 0.045585
32380, 0.045351
32390, 0.045171
32400, 0.044695
32410, 0.045473
32420, 0.044615
32430, 0.043012
32440, 0.045388
32450, 0.045524
32460, 0.045563
32470, 0.045399
32480, 0.045086
32490, 0.044924
32500, 0.043813
32510, 0.045093
32520, 0.045455
32530, 0.045596
32540, 0.045548
32550, 0.045605
32560, 0.045776
32570, 0.045523
32580, 0.045295
32590, 0.045552
32600, 0.044015
32610, 0.045452
32620, 0.045793
32630, 0.045886
32640, 0.045923
32650, 0.046183
32660, 0.044123
32670, 0.045525
32680, 0.045932
32690, 0.045556
32700, 0.045497
32710, 0.045895
32720, 0.045983
32730, 0.045980
32740, 0.045752
32750, 0.046015
32760, 0.045662
32770, 0.045662
32780, 0.045381
32790, 0.045912
32800, 0.043998
32810, 0.043698
32820, 0.045529
32830, 0.045750
32840, 0.045546
32850, 0.045733
32860, 0.045612
32870, 0.045430
32880, 0.045715
32890, 0.045729
32900, 0.045857
32910, 0.045761
32920, 0.045636
32930, 0.043699
32940, 0.045630
32950, 0.045472
32960, 0.046043
32970, 0.045727
32980, 0.045680
32990, 0.046051
33000, 0.046099
33010, 0.045749
33020, 0.045822
33030, 0.045849
33040, 0.045699
33050, 0.045829
33060, 0.046079
33070, 0.044099
33080, 0.046050
33090, 0.045905
33100, 0.045597
33110, 0.043850
33120, 0.045643
33130, 0.045872
33140, 0.045644
33150, 0.045950
33160, 0.045856
33170, 0.045970
33180, 0.045995
33190, 0.046006
33200, 0.045981
33210, 0.043984
33220, 0.044625
33230, 0.044652
33240, 0.044586
33250, 0.042640
33260, 0.044624
33270, 0.044571
33280, 0.044576
33290, 0.044618
33300, 0.044847
33310, 0.044599
33320, 0.044618
33330, 0.044637
33340, 0.044728
33350, 0.044822
33360, 0.044785
33370, 0.042738
33380, 0.044576
33390, 0.044815
33400, 0.044804
33410, 0.044956
33420, 0.042981
33430, 0.045050
33440, 0.044844
33450, 0.044932
33460, 0.042990
33470, 0.045164
33480, 0.045104
33490, 0.045074
33500, 0.045136
33510, 0.045332
33520, 0.045114
33530, 0.044982
33540, 0.042908
33550, 0.045100
33560, 0.043039
33570, 0.045052
33580, 0.045076
33590, 0.045009
33600, 0.045121
33610, 0.045446
33620, 0.045048
33630, 0.045145
33640, 0.045425
33650, 0.045324
33660, 0.045300
33670, 0.045197
33680, 0.045070
33690, 0.045443
33700, 0.045427
33710, 0.045482
33720, 0.045175
33730, 0.045210
33740, 0.045473
33750, 0.045647
33760, 0.045560
33770, 0.045418
33780, 0.045653
33790, 0.045425
33800, 0.045611
33810, 0.045554
33820, 0.045604
33830, 0.045594
33840, 0.045487
33850, 0.045467
33860, 0.045604
33870, 0.045511
33880, 0.045656
33890, 0.045693
33900, 0.045672
33910, 0.045620
33920, 0.045704
33930, 0.045797
33940, 0.045541
33950, 0.045639
33960, 0.045724
33970, 0.045730
33980, 0.045751
33990, 0.045780
34000, 0.045814
34010, 0.045861
34020, 0.045794
34030, 0.045854
34040, 0.045958
34050, 0.045730
34060, 0.045996
34070, 0.043964
34080, 0.045885
34090, 0.045877
34100, 0.045766
34110, 0.046408
34120, 0.043875
34130, 0.046155
34140, 0.046006
34150, 0.046101
34160, 0.046152
34170, 0.043908
34180, 0.046347
34190, 0.046381
34200, 0.046340
34210, 0.046343
34220, 0.046319
34230, 0.046209
34240, 0.046195
34250, 0.046373
34260, 0.046259
34270, 0.046239
34280, 0.046458
34290, 0.044514
34300, 0.046705
34310, 0.046241
34320, 0.046396
34330, 0.046547
34340, 0.046483
34350, 0.046785
34360, 0.046510
34370, 0.046567
34380, 0.046643
34390, 0.046662
34400, 0.046575
34410, 0.046702
34420, 0.046631
34430, 0.046504
34440, 0.046501
34450, 0.046570
34460, 0.046491
34470, 0.046625
34480, 0.046717
34490, 0.046650
34500, 0.046710
34510, 0.046667
34520, 0.046617
34530, 0.046592
34540, 0.046764
34550, 0.046674
34560, 0.046720
34570, 0.046786
34580, 0.046848
34590, 0.046773
34600, 0.044701
34610, 0.046869
34620, 0.046825
34630, 0.046823
34640, 0.046696
34650, 0.046792
34660, 0.046868
34670, 0.046734
34680, 0.044849
34690, 0.047215
34700, 0.046846
34710, 0.047005
34720, 0.047126
34730, 0.046967
34740, 0.047000
34750, 0.047049
34760, 0.046945
34770, 0.046876
34780, 0.046860
34790, 0.047026
34800, 0.045123
34810, 0.046858
34820, 0.047061
34830, 0.046860
34840, 0.047077
34850, 0.047078
34860, 0.047059
34870, 0.047150
34880, 0.045271
34890, 0.047280
34900, 0.047158
34910, 0.047551
34920, 0.047283
34930, 0.047016
34940, 0.047131
34950, 0.047262
34960, 0.047092
34970, 0.047254
34980, 0.047342
34990, 0.047206
35000, 0.047233
35010, 0.047302
35020, 0.047425
35030, 0.043911
35040, 0.047424
35050, 0.047435
35060, 0.047520
35070, 0.047694
35080, 0.043790
35090, 0.047670
35100, 0.045627
35110, 0.047528
35120, 0.047565
35130, 0.047571
35140, 0.047770
35150, 0.047442
35160, 0.047306
35170, 0.047444
35180, 0.047316
35190, 0.047584
35200, 0.047629
35210, 0.047727
35220, 0.047494
35230, 0.047621
35240, 0.047589
35250, 0.047772
35260, 0.047651
35270, 0.047693
35280, 0.047675
35290, 0.047734
35300, 0.047673
35310, 0.047658
35320, 0.047796
35330, 0.047873
35340, 0.047624
35350, 0.045809
35360, 0.047725
35370, 0.047953
35380, 0.047906
35390, 0.047715
35400, 0.047843
35410, 0.047764
35420, 0.047852
35430, 0.047783
35440, 0.047631
35450, 0.047755
35460, 0.048019
35470, 0.048045
35480, 0.048097
35490, 0.048209
35500, 0.048068
35510, 0.048117
35520, 0.045844
35530, 0.047969
35540, 0.047925
35550, 0.047787
35560, 0.048024
35570, 0.048047
35580, 0.048310
35590, 0.048122
35600, 0.048117
35610, 0.048164
35620, 0.048162
35630, 0.046170
35640, 0.048304
35650, 0.048045
35660, 0.048100
35670, 0.048220
35680, 0.046143
35690, 0.048143
35700, 0.048171
35710, 0.046554
35720, 0.046312
35730, 0.046647
35740, 0.048152
35750, 0.046259
35760, 0.048031
35770, 0.046546
35780, 0.048434
35790, 0.048460
35800, 0.048395
35810, 0.048369
35820, 0.048297
35830, 0.048409
35840, 0.048238
35850, 0.048363
35860, 0.048574
35870, 0.048158
35880, 0.048605
35890, 0.048574
35900, 0.048555
35910, 0.048679
35920, 0.048540
35930, 0.049036
35940, 0.048535
35950, 0.048536
35960, 0.048582
35970, 0.048615
35980, 0.048403
35990, 0.048648
36000, 0.048871
36010, 0.048763
36020, 0.048547
36030, 0.048681
36040, 0.048566
36050, 0.048712
36060, 0.048457
36070, 0.048656
36080, 0.046684
36090, 0.048505
36100, 0.048748
36110, 0.046878
36120, 0.046957
36130, 0.048712
36140, 0.048534
36150, 0.048736
36160, 0.046865
36170, 0.049004
36180, 0.048799
36190, 0.048697
36200, 0.048709
36210, 0.048666
36220, 0.048829
36230, 0.048861
36240, 0.048750
36250, 0.048828
36260, 0.048789
36270, 0.048815
36280, 0.046993
36290, 0.048896
36300, 0.049056
36310, 0.048780
36320, 0.048775
36330, 0.048987
36340, 0.049040
36350, 0.047039
36360, 0.047388
36370, 0.048897
36380, 0.048972
36390, 0.049054
36400, 0.048844
36410, 0.048997
36420, 0.048770
36430, 0.045376
36440, 0.048821
36450, 0.047155
36460, 0.047488
36470, 0.047414
36480, 0.049093
36490, 0.048884
36500, 0.049025
36510, 0.049020
36520, 0.049083
36530, 0.049141
365