10, 0.000000
20, 0.000000
30, 0.000000
40, 0.000000
50, 0.000000
60, 0.000173
70, 0.000199
80, 0.000047
90, 0.000068
100, 0.000000
110, 0.000000
120, 0.000427
130, 0.000601
140, 0.000705
150, 0.000182
160, 0.000690
170, 0.001345
180, 0.001288
190, 0.000337
200, 0.001385
210, 0.000000
220, 0.000979
230, 0.001876
240, 0.001915
250, 0.002193
260, 0.002262
270, 0.002487
280, 0.002795
290, 0.002829
300, 0.003027
310, 0.003262
320, 0.003302
330, 0.004415
340, 0.003868
350, 0.004138
360, 0.004250
370, 0.004669
380, 0.005064
390, 0.004795
400, 0.005305
410, 0.005868
420, 0.005439
430, 0.006377
440, 0.005199
450, 0.006734
460, 0.005148
470, 0.007308
480, 0.008240
490, 0.006495
500, 0.006146
510, 0.008484
520, 0.009032
530, 0.009240
540, 0.009632
550, 0.008226
560, 0.010780
570, 0.010938
580, 0.008972
590, 0.010857
600, 0.011121
610, 0.012394
620, 0.012918
630, 0.013133
640, 0.013647
650, 0.013304
660, 0.012073
670, 0.014520
680, 0.014726
690, 0.012511
700, 0.014980
710, 0.014058
720, 0.016308
730, 0.014772
740, 0.017507
750, 0.017807
760, 0.016399
770, 0.018561
780, 0.018600
790, 0.019562
800, 0.021228
810, 0.021189
820, 0.020672
830, 0.021571
840, 0.022262
850, 0.022762
860, 0.020023
870, 0.023282
880, 0.024154
890, 0.024829
900, 0.023373
910, 0.026293
920, 0.027765
930, 0.027134
940, 0.026624
950, 0.028448
960, 0.029891
970, 0.028754
980, 0.033537
990, 0.033135
1000, 0.030643
1010, 0.035411
1020, 0.036093
1030, 0.038418
1040, 0.035354
1050, 0.034594
1060, 0.034993
1070, 0.036167
1080, 0.049173
1090, 0.050333
1100, 0.044958
1110, 0.047447
1120, 0.042498
1130, 0.043880
1140, 0.041656
1150, 0.042847
1160, 0.043888
1170, 0.044145
1180, 0.059596
1190, 0.059814
1200, 0.062500
1210, 0.054761
1220, 0.052935
1230, 0.054149
1240, 0.053033
1250, 0.056269
1260, 0.054964
1270, 0.058955
1280, 0.053537
1290, 0.054923
1300, 0.053801
1310, 0.052988
1320, 0.054484
1330, 0.057309
1340, 0.055658
1350, 0.056532
1360, 0.058203
1370, 0.059761
1380, 0.058323
1390, 0.062410
1400, 0.060031
1410, 0.061091
1420, 0.062904
1430, 0.063124
1440, 0.067976
1450, 0.078121
1460, 0.082106
1470, 0.066679
1480, 0.070473
1490, 0.069867
1500, 0.067514
1510, 0.072467
1520, 0.073589
1530, 0.071071
1540, 0.076197
1550, 0.072525
1560, 0.076338
1570, 0.081467
1580, 0.085355
1590, 0.081141
1600, 0.082049
1610, 0.079511
1620, 0.085825
1630, 0.083218
1640, 0.090223
1650, 0.089014
1660, 0.089055
1670, 0.089334
1680, 0.096307
1690, 0.108128
1700, 0.110577
1710, 0.095760
1720, 0.097422
1730, 0.099692
1740, 0.103036
1750, 0.096861
1760, 0.096439
1770, 0.099199
1780, 0.096350
1790, 0.099452
1800, 0.098125
1810, 0.100182
1820, 0.104166
1830, 0.102667
1840, 0.106975
1850, 0.107858
1860, 0.109217
1870, 0.111642
1880, 0.110000
1890, 0.112125
1900, 0.109584
1910, 0.134595
1920, 0.118145
1930, 0.117249
1940, 0.119488
1950, 0.126131
1960, 0.121370
1970, 0.126540
1980, 0.122642
1990, 0.133419
2000, 0.121555
2010, 0.125625
2020, 0.124300
2030, 0.129966
2040, 0.136672
2050, 0.130293
2060, 0.132321
2070, 0.132317
2080, 0.132890
2090, 0.134322
2100, 0.135827
2110, 0.137593
2120, 0.170487
2130, 0.138762
2140, 0.152253
2150, 0.150161
2160, 0.146196
2170, 0.140541
2180, 0.145549
2190, 0.147128
2200, 0.147282
2210, 0.148962
2220, 0.149051
2230, 0.167305
2240, 0.166057
2250, 0.156860
2260, 0.165405
2270, 0.162689
2280, 0.162843
2290, 0.163990
2300, 0.164976
2310, 0.167355
2320, 0.165570
2330, 0.171704
2340, 0.167413
2350, 0.179127
2360, 0.169308
2370, 0.173872
2380, 0.172000
2390, 0.173329
2400, 0.177256
2410, 0.177258
2420, 0.180696
2430, 0.182549
2440, 0.188944
2450, 0.190528
2460, 0.190554
2470, 0.187793
2480, 0.187910
2490, 0.232641
2500, 0.194438
2510, 0.193595
2520, 0.194239
2530, 0.206833
2540, 0.205904
2550, 0.200102
2560, 0.209296
2570, 0.202916
2580, 0.209836
2590, 0.210027
2600, 0.232562
2610, 0.228466
2620, 0.241772
2630, 0.214541
2640, 0.228923
2650, 0.224954
2660, 0.231281
2670, 0.253969
2680, 0.259187
2690, 0.264550
2700, 0.252358
2710, 0.255444
2720, 0.233737
2730, 0.272631
2740, 0.269485
2750, 0.267772
2760, 0.274188
2770, 0.299578
2780, 0.334473
2790, 0.315483
2800, 0.276300
2810, 0.280054
2820, 0.289512
2830, 0.299399
2840, 0.265987
2850, 0.272912
2860, 0.269065
2870, 0.278573
2880, 0.278454
2890, 0.287800
2900, 0.283037
2910, 0.288982
2920, 0.292057
2930, 0.283773
2940, 0.290817
2950, 0.301828
2960, 0.298833
2970, 0.300994
2980, 0.313921
2990, 0.319213
3000, 0.321828
3010, 0.335428
3020, 0.297911
3030, 0.294082
3040, 0.311667
3050, 0.313012
3060, 0.338511
3070, 0.319749
3080, 0.304940
3090, 0.308411
3100, 0.390194
3110, 0.365103
3120, 0.343220
3130, 0.336032
3140, 0.328301
3150, 0.374277
3160, 0.361266
3170, 0.347531
3180, 0.343184
3190, 0.346246
3200, 0.353830
3210, 0.366480
3220, 0.364441
3230, 0.398324
3240, 0.395137
3250, 0.367787
3260, 0.377482
3270, 0.366499
3280, 0.369977
3290, 0.339949
3300, 0.338931
3310, 0.342516
3320, 0.356312
3330, 0.349951
3340, 0.349410
3350, 0.371701
3360, 0.355981
3370, 0.352305
3380, 0.354278
3390, 0.361619
3400, 0.395764
3410, 0.411324
3420, 0.447643
3430, 0.404116
3440, 0.426054
3450, 0.455515
3460, 0.416779
3470, 0.424416
3480, 0.413850
3490, 0.401719
3500, 0.405604
3510, 0.436635
3520, 0.416660
3530, 0.438329
3540, 0.418576
3550, 0.421546
3560, 0.478124
3570, 0.451823
3580, 0.424530
3590, 0.423615
3600, 0.431317
3610, 0.430055
3620, 0.432007
3630, 0.435515
3640, 0.434294
3650, 0.438214
3660, 0.445234
3670, 0.478023
3680, 0.501993
3690, 0.470902
3700, 0.519201
3710, 0.547218
3720, 0.656724
3730, 0.644894
3740, 0.641584
3750, 0.624054
3760, 0.611640
3770, 0.751028
3780, 0.759982
3790, 0.595066
3800, 0.543262
3810, 0.543329
3820, 0.653368
3830, 0.647985
3840, 0.583140
3850, 0.541249
3860, 0.501380
3870, 0.534099
3880, 0.621604
3890, 0.625314
3900, 0.576016
3910, 0.510639
3920, 0.515453
3930, 0.535935
3940, 0.523982
3950, 0.519703
3960, 0.528962
3970, 0.536793
3980, 0.536613
3990, 0.544008
4000, 0.532948
4010, 0.575943
4020, 0.541077
4030, 0.547259
4040, 0.553786
4050, 0.547748
4060, 0.557333
4070, 0.556750
4080, 0.562311
4090, 0.561091
4100, 0.561847
4110, 0.572549
4120, 0.575417
4130, 0.579948
4140, 0.578705
4150, 0.610220
4160, 0.582129
4170, 0.599476
4180, 0.613818
4190, 0.593862
4200, 0.600632
4210, 0.599958
4220, 0.605001
4230, 0.609600
4240, 0.611831
4250, 0.616088
4260, 0.646008
4270, 0.618991
4280, 0.622326
4290, 0.620960
4300, 0.628672
4310, 0.636900
4320, 0.649611
4330, 0.647422
4340, 0.642411
4350, 0.646060
4360, 0.643442
4370, 0.653921
4380, 0.662467
4390, 0.691704
4400, 0.679411
4410, 0.671768
4420, 0.676848
4430, 0.668984
4440, 0.676381
4450, 0.687086
4460, 0.681366
4470, 0.694831
4480, 0.690848
4490, 0.695772
4500, 0.723322
4510, 0.699825
4520, 0.700300
4530, 0.704920
4540, 0.710956
4550, 0.711644
4560, 0.758112
4570, 0.745213
4580, 0.750023
4590, 0.725237
4600, 0.740610
4610, 0.762583
4620, 0.730130
4630, 0.741846
4640, 0.738170
4650, 0.747639
4660, 0.879845
4670, 0.914584
4680, 0.748397
4690, 0.752276
4700, 0.768736
4710, 0.768160
4720, 0.766292
4730, 0.806422
4740, 0.770400
4750, 0.775497
4760, 0.777264
4770, 0.794213
4780, 0.785728
4790, 0.786925
4800, 0.799817
4810, 0.790563
4820, 0.794964
4830, 0.799840
4840, 0.806137
4850, 0.808790
4860, 0.819204
4870, 0.824895
4880, 0.824494
4890, 0.834443
4900, 0.844959
4910, 0.835042
4920, 0.839072
4930, 0.840924
4940, 0.838982
4950, 0.886595
4960, 0.847695
4970, 0.857756
4980, 0.857803
4990, 0.863075
5000, 0.863354
5010, 0.872563
5020, 0.871951
5030, 0.919371
5040, 0.889874
5050, 0.900590
5060, 0.901280
5070, 0.888314
5080, 0.909786
5090, 0.899471
5100, 0.902769
5110, 0.916514
5120, 0.918894
5130, 0.919268
5140, 0.926692
5150, 0.924973
5160, 0.968361
5170, 0.961371
5180, 0.942832
5190, 0.939392
5200, 0.958824
5210, 1.066151
5220, 1.230164
5230, 1.168697
5240, 0.956239
5250, 0.972474
5260, 0.981650
5270, 0.965750
5280, 0.979785
5290, 0.991839
5300, 1.022670
5310, 0.990904
5320, 1.007060
5330, 1.004673
5340, 1.013642
5350, 1.010740
5360, 1.045663
5370, 1.018186
5380, 1.023640
5390, 1.020235
5400, 1.022963
5410, 1.040709
5420, 1.048775
5430, 1.038429
5440, 1.042746
5450, 1.042382
5460, 1.057289
5470, 1.064607
5480, 1.069929
5490, 1.063118
5500, 1.082748
5510, 1.073657
5520, 1.080976
5530, 1.098047
5540, 1.084399
5550, 1.090659
5560, 1.122661
5570, 1.106654
5580, 1.104946
5590, 1.117305
5600, 1.119150
5610, 1.118017
5620, 1.120161
5630, 1.155587
5640, 1.133766
5650, 1.142182
5660, 1.146195
5670, 1.145453
5680, 1.148577
5690, 1.173400
5700, 1.152681
5710, 1.176775
5720, 1.170511
5730, 1.169545
5740, 1.163805
5750, 1.187006
5760, 1.186171
5770, 1.188090
5780, 1.270981
5790, 1.285760
5800, 1.282673
5810, 1.288566
5820, 1.266602
5830, 1.230577
5840, 1.247803
5850, 1.232839
5860, 1.227260
5870, 1.257289
5880, 1.232294
5890, 1.242003
5900, 1.256015
5910, 1.254155
5920, 1.260863
5930, 1.271282
5940, 1.319917
5950, 1.303497
5960, 1.266419
5970, 1.290357
5980, 1.281030
5990, 1.304461
6000, 1.315820
6010, 1.286176
6020, 1.297299
6030, 1.387442
6040, 1.325617
6050, 1.311025
6060, 1.339234
6070, 1.323930
6080, 1.345274
6090, 1.364718
6100, 1.340893
6110, 1.353705
6120, 1.383636
6130, 1.355846
6140, 1.359937
6150, 1.421292
6160, 1.405339
6170, 1.385567
6180, 1.404651
6190, 1.390754
6200, 1.389576
6210, 1.418018
6220, 1.406190
6230, 1.404816
6240, 1.438690
6250, 1.425895
6260, 1.419168
6270, 1.454850
6280, 1.454287
6290, 1.426219
6300, 1.463021
6310, 1.442691
6320, 1.465132
6330, 1.477754
6340, 1.467837
6350, 1.493305
6360, 1.486551
6370, 1.483376
6380, 1.526067
6390, 1.474848
6400, 1.499853
6410, 1.526488
6420, 1.523553
6430, 1.529768
6440, 1.536193
6450, 1.504381
6460, 1.576169
6470, 1.516481
6480, 1.534518
6490, 1.548489
6500, 1.541569
6510, 1.544826
6520, 1.549056
6530, 1.534977
6540, 1.895657
6550, 1.570723
6560, 1.874408
6570, 1.588677
6580, 1.618090
6590, 1.603784
6600, 1.915157
6610, 1.613017
6620, 1.912431
6630, 1.600737
6640, 1.639613
6650, 1.937030
6660, 1.643048
6670, 1.671628
6680, 1.654830
6690, 1.939091
6700, 1.690125
6710, 1.885847
6720, 1.664063
6730, 1.681328
6740, 1.648926
6750, 1.664115
6760, 1.690693
6770, 1.684704
6780, 1.703441
6790, 1.699748
6800, 1.737975
6810, 1.704695
6820, 1.731144
6830, 1.719967
6840, 1.735904
6850, 1.738638
6860, 1.733583
6870, 1.758381
6880, 1.839930
6890, 1.741686
6900, 1.785288
6910, 1.765555
6920, 1.778628
6930, 1.779720
6940, 1.788027
6950, 1.824448
6960, 1.792255
6970, 1.810898
6980, 1.837584
6990, 1.802519
7000, 1.803493
7010, 1.810598
7020, 1.812197
7030, 1.819600
7040, 1.852543
7050, 1.813965
7060, 1.841890
7070, 1.841626
7080, 1.857891
7090, 2.174657
7100, 1.947291
7110, 2.152387
7120, 1.885701
7130, 1.919769
7140, 1.877676
7150, 1.927441
7160, 1.888628
7170, 1.914951
7180, 1.912482
7190, 2.045145
7200, 2.130883
7210, 1.959101
7220, 1.927298
7230, 1.970623
7240, 2.276661
7250, 1.962223
7260, 1.965427
7270, 1.958070
7280, 1.997434
7290, 1.995853
7300, 1.982199
7310, 1.999846
7320, 1.997947
7330, 2.073246
7340, 1.998971
7350, 2.017964
7360, 2.004864
7370, 2.023849
7380, 2.064828
7390, 2.029550
7400, 2.072235
7410, 2.053434
7420, 2.062696
7430, 2.068952
7440, 2.052967
7450, 2.098405
7460, 2.099555
7470, 2.330487
7480, 2.146432
7490, 2.119162
7500, 2.089502
7510, 2.134241
7520, 2.092961
7530, 2.146970
7540, 2.098708
7550, 2.129806
7560, 2.118748
7570, 2.156535
7580, 2.135047
7590, 2.207344
7600, 2.154986
7610, 2.201022
7620, 2.172696
7630, 2.242027
7640, 2.174973
7650, 2.202071
7660, 2.229589
7670, 2.653050
7680, 2.629240
7690, 2.476145
7700, 2.607717
7710, 2.224626
7720, 2.358885
7730, 2.333844
7740, 2.315819
7750, 2.345451
7760, 2.359542
7770, 2.645729
7780, 2.267076
7790, 2.315729
7800, 2.606587
7810, 2.271347
7820, 2.353025
7830, 2.281868
7840, 2.314901
7850, 2.616582
7860, 2.697554
7870, 2.489014
7880, 2.490612
7890, 2.482921
7900, 2.558474
7910, 2.349284
7920, 2.613966
7930, 2.440537
7940, 2.421467
7950, 2.370046
7960, 2.392307
7970, 2.420669
7980, 2.394289
7990, 2.453203
8000, 2.439395
8010, 2.718793
8020, 2.774762
8030, 2.492885
8040, 2.457143
8050, 2.435375
8060, 2.452389
8070, 2.450116
8080, 2.511037
8090, 2.582583
8100, 2.682730
8110, 2.487948
8120, 2.490167
8130, 2.478780
8140, 2.517879
8150, 2.554095
8160, 2.520440
8170, 2.532936
8180, 2.527011
8190, 2.529282
8200, 2.581596
8210, 2.567681
8220, 2.563977
8230, 2.562121
8240, 2.621868
8250, 2.576089
8260, 2.607769
8270, 2.632554
8280, 2.592062
8290, 2.658138
8300, 2.618171
8310, 2.968304
8320, 2.620141
8330, 2.807437
8340, 2.796011
8350, 2.643559
8360, 2.636875
8370, 2.665872
8380, 3.024094
8390, 2.657020
8400, 2.669160
8410, 2.692141
8420, 2.708440
8430, 2.684840
8440, 2.705089
8450, 2.701135
8460, 3.089218
8470, 2.753059
8480, 2.734497
8490, 2.741121
8500, 2.806076
8510, 2.820282
8520, 2.776410
8530, 2.811153
8540, 2.849877
8550, 2.835150
8560, 2.822647
8570, 2.824893
8580, 2.821034
8590, 2.966588
8600, 3.561296
8610, 3.215067
8620, 2.812344
8630, 2.854744
8640, 2.901710
8650, 3.310578
8660, 2.939861
8670, 3.219523
8680, 4.066244
8690, 3.457022
8700, 3.195593
8710, 3.266396
8720, 3.199996
8730, 2.904649
8740, 3.241260
8750, 3.214040
8760, 3.278037
8770, 2.924383
8780, 2.985678
8790, 3.330994
8800, 3.316765
8810, 2.942982
8820, 2.962075
8830, 2.972825
8840, 2.982698
8850, 3.027246
8860, 3.006282
8870, 3.003273
8880, 3.016783
8890, 3.058596
8900, 3.098376
8910, 3.080400
8920, 3.054637
8930, 3.100022
8940, 3.062811
8950, 3.074749
8960, 3.399747
8970, 3.125963
8980, 3.123388
8990, 3.115367
9000, 3.160982
9010, 3.121443
9020, 3.463974
9030, 3.139748
9040, 3.132495
9050, 3.143114
9060, 3.135049
9070, 3.186375
9080, 3.153361
9090, 3.208923
9100, 3.206029
9110, 3.224270
9120, 3.185403
9130, 3.187474
9140, 3.229492
9150, 3.214850
9160, 3.232644
9170, 3.263169
9180, 3.314555
9190, 3.239389
9200, 3.260978
9210, 3.246452
9220, 3.325531
9230, 3.265319
9240, 3.342114
9250, 3.672132
9260, 3.291696
9270, 3.321362
9280, 3.357509
9290, 3.301292
9300, 3.332173
9310, 3.335564
9320, 3.385089
9330, 3.336203
9340, 3.371758
9350, 3.344200
9360, 3.404072
9370, 3.361352
9380, 3.391718
9390, 3.391449
9400, 3.439682
9410, 3.418454
9420, 3.414215
9430, 3.416562
9440, 3.435362
9450, 3.484340
9460, 3.480421
9470, 3.465199
9480, 3.461349
9490, 3.758991
9500, 3.459083
9510, 3.806620
9520, 3.485628
9530, 3.549864
9540, 3.596463
9550, 3.533716
9560, 3.524683
9570, 3.571416
9580, 3.543887
9590, 3.556382
9600, 3.591488
9610, 3.563179
9620, 3.591788
9630, 3.612586
9640, 3.595197
9650, 3.574473
9660, 3.631528
9670, 3.609857
9680, 3.636091
9690, 3.686627
9700, 3.629705
9710, 3.636909
9720, 3.635568
9730, 3.679009
9740, 3.644057
9750, 3.707468
9760, 3.777877
9770, 3.814591
9780, 3.794214
9790, 4.306367
9800, 3.810870
9810, 4.119953
9820, 4.119461
9830, 4.173813
9840, 4.322442
9850, 4.329053
9860, 4.253159
9870, 4.263127
9880, 4.071003
9890, 4.181803
9900, 4.034662
9910, 4.096746
9920, 4.176543
9930, 4.154771
9940, 4.152622
9950, 3.873538
9960, 4.216486
9970, 4.171832
9980, 4.237091
9990, 4.158973
10000, 4.171639
10010, 4.208860
10020, 4.204886
10030, 3.915615
10040, 3.974460
10050, 3.957928
10060, 3.924872
10070, 3.971480
10080, 3.929251
10090, 3.939549
10100, 3.956273
10110, 4.291072
10120, 4.019770
10130, 4.329967
10140, 4.120934
10150, 4.162515
10160, 3.986634
10170, 4.237038
10180, 4.116431
10190, 4.058651
10200, 4.056707
10210, 4.040515
10220, 4.216574
10230, 4.223185
10240, 4.052032
10250, 4.080210
10260, 4.416651
10270, 4.123198
10280, 4.116422
10290, 4.194211
10300, 4.363380
10310, 4.235744
10320, 4.400513
10330, 4.772280
10340, 4.729942
10350, 4.849388
10360, 4.573578
10370, 4.623093
10380, 4.768395
10390, 4.654512
10400, 4.384064
10410, 4.299786
10420, 4.308251
10430, 4.327514
10440, 4.308773
10450, 4.615341
10460, 4.438930
10470, 4.360442
10480, 4.373766
10490, 4.716431
10500, 4.708497
10510, 4.973031
10520, 4.860033
10530, 5.001663
10540, 4.980233
10550, 4.774893
10560, 4.725960
10570, 4.751474
10580, 4.739038
10590, 4.881104
10600, 4.792602
10610, 4.359376
10620, 4.406788
10630, 4.423915
10640, 4.682841
10650, 4.471004
10660, 4.499543
10670, 4.635671
10680, 4.704336
10690, 4.574794
10700, 4.474079
10710, 4.683087
10720, 4.966644
10730, 4.919624
10740, 5.171547
10750, 4.958061
10760, 5.235213
10770, 4.656134
10780, 4.674761
10790, 4.727727
10800, 5.136999
10810, 5.268450
10820, 5.204429
10830, 5.272915
10840, 5.133108
10850, 5.205310
10860, 5.058402
10870, 5.012551
10880, 5.731237
10890, 5.315899
10900, 5.365911
10910, 4.709139
10920, 5.154730
10930, 4.790211
10940, 4.482372
10950, 4.466542
10960, 4.558144
10970, 4.519173
10980, 4.560935
10990, 4.497628
11000, 4.494771
11010, 4.577399
11020, 4.511266
11030, 4.564123
11040, 4.529147
11050, 4.540124
11060, 4.597023
11070, 4.538504
11080, 4.567501
11090, 4.586363
11100, 4.640462
11110, 4.575405
11120, 4.601936
11130, 4.595997
11140, 4.695207
11150, 4.645756
11160, 4.633166
11170, 4.630714
11180, 4.676077
11190, 4.700501
11200, 4.684201
11210, 4.681597
11220, 4.712824
11230, 4.710286
11240, 4.704045
11250, 4.735913
11260, 4.810654
11270, 4.723445
11280, 4.878430
11290, 5.030323
11300, 5.410275
11310, 5.494910
11320, 5.156346
11330, 5.367496
11340, 5.215707
11350, 5.307571
11360, 6.234188
11370, 6.121567
11380, 5.914074
11390, 5.776736
11400, 5.981893
11410, 5.700026
11420, 5.653439
11430, 6.055503
11440, 5.802670
11450, 6.153385
11460, 6.222415
11470, 5.895795
11480, 5.769519
11490, 5.891412
11500, 5.986082
11510, 5.638865
11520, 5.730523
11530, 5.787398
11540, 5.989751
11550, 5.862798
11560, 5.976182
11570, 5.842280
11580, 5.371505
11590, 5.718333
11600, 5.386829
11610, 5.898613
11620, 6.043861
11630, 5.741538
11640, 5.842473
11650, 5.500809
11660, 6.839144
11670, 5.993201
11680, 6.015338
11690, 5.550458
11700, 6.095300
11710, 5.987169
11720, 5.489609
11730, 5.666385
11740, 6.069349
11750, 5.677555
11760, 5.540628
11770, 5.530062
11780, 5.721280
11790, 5.632345
11800, 5.527078
11810, 5.581594
11820, 5.575383
11830, 5.730981
11840, 5.350016
11850, 5.267173
11860, 5.291475
11870, 5.264935
11880, 5.355529
11890, 5.297527
11900, 5.299106
11910, 5.438524
11920, 5.365293
11930, 5.365317
11940, 5.337813
11950, 5.389571
11960, 5.426310
11970, 5.377537
11980, 5.362584
11990, 5.463634
12000, 5.408838
12010, 5.416625
12020, 5.426855
12030, 5.465947
12040, 5.454231
12050, 5.458705
12060, 5.479422
12070, 5.515405
12080, 5.474614
12090, 5.489824
12100, 5.551385
12110, 5.872136
12120, 5.769358
12130, 5.571243
12140, 5.552555
12150, 5.529171
12160, 5.673861
12170, 5.554064
12180, 5.570655
12190, 5.639414
12200, 5.638063
12210, 5.601279
12220, 5.657431
12230, 5.628288
12240, 5.643531
12250, 5.626377
12260, 5.669427
12270, 5.692010
12280, 5.646237
12290, 5.713008
12300, 5.674238
12310, 5.733817
12320, 5.730620
12330, 5.745308
12340, 5.715713
12350, 5.726723
12360, 5.735472
12370, 5.835644
12380, 6.176808
12390, 6.142227
12400, 6.186758
12410, 6.183731
12420, 6.140431
12430, 6.125834
12440, 6.190645
12450, 6.280801
12460, 6.301305
12470, 6.406119
12480, 6.969678
12490, 6.899131
12500, 7.348274
12510, 6.870717
12520, 6.881363
12530, 6.866465
12540, 6.532902
12550, 6.308374
12560, 6.329055
12570, 6.292148
12580, 6.335617
12590, 6.328892
12600, 6.356932
12610, 6.356282
12620, 6.358057
12630, 6.357259
12640, 6.372643
12650, 6.367654
12660, 6.696976
12670, 6.711884
12680, 6.464877
12690, 6.417457
12700, 6.439242
12710, 6.508639
12720, 6.464697
12730, 6.479065
12740, 6.994642
12750, 7.486160
12760, 6.838965
12770, 7.626931
12780, 7.320834
12790, 7.719406
12800, 7.275039
12810, 6.926617
12820, 7.394201
12830, 7.348200
12840, 7.233195
12850, 7.249905
12860, 6.600285
12870, 6.889047
12880, 7.216039
12890, 7.327483
12900, 7.412734
12910, 7.429374
12920, 7.214737
12930, 7.315218
12940, 7.243829
12950, 7.659679
12960, 7.096857
12970, 6.966991
12980, 7.428743
12990, 6.981714
13000, 7.998831
13010, 7.666869
13020, 7.435833
13030, 7.456221
13040, 7.536434
13050, 7.513429
13060, 7.610310
13070, 7.124630
13080, 7.424765
13090, 7.253429
13100, 7.025560
13110, 7.480098
13120, 7.155356
13130, 7.215632
13140, 7.187650
13150, 7.186465
13160, 7.324010
13170, 7.793472
13180, 7.703899
13190, 7.720552
13200, 7.804837
13210, 7.913248
13220, 8.052782
13230, 7.691058
13240, 8.014835
13250, 7.976598
13260, 7.995818
13270, 7.491953
13280, 7.920800
13290, 7.842047
13300, 7.862083
13310, 8.066889
13320, 8.190008
13330, 7.996561
13340, 8.034325
13350, 8.147132
13360, 7.837033
13370, 7.940820
13380, 8.274898
13390, 8.078016
13400, 7.887382
13410, 8.033156
13420, 8.059071
13430, 7.699631
13440, 7.764766
13450, 7.908910
13460, 7.870533
13470, 7.533003
13480, 7.591094
13490, 7.618331
13500, 8.062738
13510, 7.827665
13520, 8.313764
13530, 8.405744
13540, 8.436416
13550, 8.351086
13560, 8.683369
13570, 8.386442
13580, 8.666856
13590, 8.516215
13600, 8.682824
13610, 8.552310
13620, 8.629953
13630, 8.612206
13640, 8.538279
13650, 9.037074
13660, 9.039249
13670, 8.763844
13680, 9.056898
13690, 8.678267
13700, 8.809921
13710, 8.435751
13720, 8.475913
13730, 8.387537
13740, 8.399827
13750, 8.468113
13760, 8.225096
13770, 8.338795
13780, 8.587100
13790, 8.094573
13800, 8.337166
13810, 8.034103
13820, 7.938337
13830, 7.605459
13840, 7.299067
13850, 7.290486
13860, 7.373806
13870, 7.578001
13880, 8.241292
13890, 7.324444
13900, 7.338886
13910, 7.316344
13920, 7.382127
13930, 7.385734
13940, 7.425417
13950, 7.392594
13960, 7.413119
13970, 7.395594
13980, 7.427700
13990, 7.432735
14000, 7.441594
14010, 7.470402
14020, 7.494490
14030, 7.677317
14040, 7.474625
14050, 7.487987
14060, 7.531795
14070, 7.547754
14080, 7.502387
14090, 7.541679
14100, 7.569394
14110, 7.521628
14120, 7.582341
14130, 7.596312
14140, 7.623627
14150, 7.589092
14160, 7.615758
14170, 7.627147
14180, 7.658917
14190, 7.618041
14200, 7.637806
14210, 7.681224
14220, 8.132641
14230, 7.814721
14240, 7.862197
14250, 8.045747
14260, 8.400165
14270, 8.591264
14280, 8.339821
14290, 8.208171
14300, 8.208035
14310, 8.240325
14320, 8.240344
14330, 8.679711
14340, 9.474610
14350, 9.479754
14360, 9.064400
14370, 8.942000
14380, 8.952793
14390, 8.277373
14400, 8.357254
14410, 8.458260
14420, 8.335084
14430, 8.396461
14440, 8.422112
14450, 8.477863
14460, 8.870096
14470, 8.401386
14480, 8.760598
14490, 8.458937
14500, 8.507833
14510, 8.481956
14520, 8.510818
14530, 8.469544
14540, 8.496856
14550, 8.681024
14560, 8.849217
14570, 8.822441
14580, 8.511644
14590, 8.885463
14600, 8.537583
14610, 8.545153
14620, 8.905959
14630, 8.558886
14640, 8.574826
14650, 8.613223
14660, 8.651234
14670, 8.641714
14680, 8.675755
14690, 8.656879
14700, 8.833670
14710, 8.718576
14720, 8.707364
14730, 8.719150
14740, 8.763388
14750, 8.771015
14760, 8.732962
14770, 8.761579
14780, 8.769850
14790, 8.855557
14800, 8.775608
14810, 8.854884
14820, 8.811689
14830, 8.857781
14840, 8.863178
14850, 8.892582
14860, 8.896918
14870, 8.903949
14880, 8.926478
14890, 8.920943
14900, 9.000188
14910, 8.991200
14920, 8.973791
14930, 8.966853
14940, 8.982285
14950, 9.009261
14960, 9.119643
14970, 8.974868
14980, 9.009408
14990, 8.993828
15000, 9.082826
15010, 9.060896
15020, 9.073756
15030, 9.088850
15040, 9.104495
15050, 9.143319
15060, 9.127600
15070, 9.126835
15080, 9.136152
15090, 9.153807
15100, 9.224374
15110, 9.412445
15120, 9.236057
15130, 9.226910
15140, 9.223959
15150, 9.183085
15160, 9.185381
15170, 9.221679
15180, 9.287909
15190, 9.249707
15200, 9.278440
15210, 9.394402
15220, 9.322733
15230, 9.294079
15240, 9.349140
15250, 9.277036
15260, 9.460256
15270, 9.404893
15280, 9.409481
15290, 9.540459
15300, 9.427441
15310, 9.469724
15320, 9.479975
15330, 9.516539
15340, 9.649763
15350, 9.728401
15360, 9.583378
15370, 9.547930
15380, 9.600439
15390, 9.599839
15400, 10.186439
15410, 9.533560
15420, 9.581857
15430, 9.601955
15440, 9.618677
15450, 9.657202
15460, 9.680976
15470, 9.659931
15480, 9.690546
15490, 9.691157
15500, 9.705270
15510, 9.715668
15520, 9.735487
15530, 9.688832
15540, 9.717330
15550, 9.764030
15560, 9.827651
15570, 9.808110
15580, 9.797524
15590, 9.815959
15600, 9.858860
15610, 9.843308
15620, 9.813597
15630, 9.910080
15640, 9.914511
15650, 9.911431
15660, 9.872593
15670, 9.913679
15680, 9.890846
15690, 9.894834
15700, 9.978331
15710, 9.927152
15720, 9.960712
15730, 9.968927
15740, 9.950005
15750, 10.009142
15760, 10.008537
15770, 10.050510
15780, 9.634714
15790, 10.108295
15800, 9.939582
15810, 9.604918
15820, 9.622614
15830, 9.647341
15840, 9.668439
15850, 9.662613
15860, 9.747055
15870, 9.819560
15880, 9.701946
15890, 9.710176
15900, 9.763509
15910, 9.726483
15920, 9.753958
15930, 9.733403
15940, 9.771571
15950, 9.799930
15960, 9.808381
15970, 10.320188
15980, 10.431726
15990, 10.387518
16000, 10.422899
16010, 10.563429
16020, 10.383513
16030, 10.460586
16040, 10.527572
16050, 10.455744
16060, 10.515417
16070, 10.458105
16080, 10.445354
16090, 10.488160
16100, 10.498534
16110, 10.525721
16120, 10.550902
16130, 10.548371
16140, 10.723729
16150, 10.634180
16160, 10.511843
16170, 10.517931
16180, 10.546397
16190, 10.653945
16200, 10.644370
16210, 10.643965
16220, 10.631699
16230, 10.635955
16240, 10.633114
16250, 10.681482
16260, 10.643226
16270, 10.710812
16280, 10.778695
16290, 10.729174
16300, 10.732102
16310, 10.810344
16320, 10.810433
16330, 10.804316
16340, 10.853717
16350, 10.839154
16360, 10.918621
16370, 10.862231
16380, 10.846609
16390, 10.917485
16400, 10.864550
16410, 10.870195
16420, 10.849585
16430, 10.912693
16440, 10.899445
16450, 10.907397
16460, 10.891841
16470, 10.900548
16480, 10.980403
16490, 10.996432
16500, 11.095149
16510, 11.067820
16520, 11.080632
16530, 11.080476
16540, 11.067049
16550, 11.032408
16560, 11.082203
16570, 11.145021
16580, 11.169783
16590, 11.187198
16600, 11.177023
16610, 11.191620
16620, 11.790086
16630, 11.190432
16640, 11.197923
16650, 11.139305
16660, 11.222225
16670, 11.191034
16680, 11.217635
16690, 11.207867
16700, 11.280811
16710, 11.287204
16720, 11.356449
16730, 11.347499
16740, 11.438628
16750, 11.473035
16760, 11.403181
16770, 11.375291
16780, 11.443790
16790, 11.413496
16800, 11.449288
16810, 11.448630
16820, 11.497000
16830, 11.519849
16840, 11.485747
16850, 11.558250
16860, 11.557304
16870, 11.546572
16880, 11.586664
16890, 11.622188
16900, 11.672388
16910, 11.593638
16920, 11.602153
16930, 11.578334
16940, 11.680261
16950, 11.617281
16960, 11.671734
16970, 11.666281
16980, 11.669670
16990, 11.725381
17000, 11.712744
17010, 11.720388
17020, 11.752024
17030, 11.760494
17040, 11.840307
17050, 11.810308
17060, 11.767186
17070, 11.853929
17080, 11.840282
17090, 11.838739
17100, 11.902036
17110, 11.910682
17120, 11.959961
17130, 11.902317
17140, 11.934589
17150, 11.941599
17160, 12.000894
17170, 11.954016
17180, 12.008696
17190, 12.064299
17200, 12.085680
17210, 12.031790
17220, 12.153223
17230, 12.119587
17240, 12.119082
17250, 12.080959
17260, 12.196448
17270, 12.113894
17280, 12.135959
17290, 12.159825
17300, 12.179871
17310, 12.168725
17320, 12.178468
17330, 12.990144
17340, 12.939370
17350, 12.529125
17360, 13.948908
17370, 13.097838
17380, 13.497278
17390, 15.419852
17400, 13.644328
17410, 13.616332
17420, 13.511677
17430, 12.409862
17440, 12.388576
17450, 12.386657
17460, 12.525565
17470, 12.475467
17480, 12.384583
17490, 12.497239
17500, 12.436961
17510, 12.471338
17520, 12.516082
17530, 12.604767
17540, 15.413691
17550, 14.459075
17560, 12.612713
17570, 12.657020
17580, 12.683266
17590, 12.654840
17600, 12.689054
17610, 12.668234
17620, 12.696531
17630, 12.655166
17640, 12.657222
17650, 14.218374
17660, 14.643667
17670, 12.158379
17680, 12.278780
17690, 12.181441
17700, 12.109769
17710, 12.169369
17720, 12.234012
17730, 12.209928
17740, 12.252971
17750, 12.278012
17760, 12.233862
17770, 12.238415
17780, 12.291203
17790, 12.244458
17800, 12.277442
17810, 12.270263
17820, 12.302513
17830, 12.344339
17840, 12.329956
17850, 12.550625
17860, 12.390743
17870, 12.356955
17880, 12.383942
17890, 12.374952
17900, 12.429682
17910, 12.464685
17920, 12.410504
17930, 12.413644
17940, 12.539930
17950, 12.477961
17960, 13.281523
17970, 14.579232
17980, 13.442681
17990, 13.212202
18000, 13.251350
18010, 13.212539
18020, 13.319141
18030, 13.213814
18040, 13.280061
18050, 13.318322
18060, 13.261340
18070, 13.326333
18080, 13.282331
18090, 13.346927
18100, 13.367643
18110, 13.428461
18120, 13.556647
18130, 13.550776
18140, 13.454500
18150, 13.537597
18160, 13.368254
18170, 13.465583
18180, 13.468207
18190, 13.465574
18200, 13.531925
18210, 13.562360
18220, 13.594226
18230, 13.607629
18240, 13.622413
18250, 13.571212
18260, 13.729868
18270, 13.658294
18280, 13.732521
18290, 13.753198
18300, 13.704198
18310, 13.742001
18320, 13.698934
18330, 13.651355
18340, 13.688981
18350, 13.741609
18360, 13.688655
18370, 13.724450
18380, 13.723851
18390, 13.850249
18400, 13.767423
18410, 13.855110
18420, 13.939191
18430, 13.952392
18440, 13.930075
18450, 13.922469
18460, 14.012265
18470, 13.993521
18480, 14.031471
18490, 14.007633
18500, 14.061359
18510, 14.073422
18520, 14.040537
18530, 14.107338
18540, 13.993122
18550, 14.071974
18560, 14.040132
18570, 14.180241
18580, 14.271348
18590, 14.328505
18600, 14.280402
18610, 14.206246
18620, 14.517988
18630, 14.209145
18640, 14.361722
18650, 14.224814
18660, 14.236665
18670, 14.310400
18680, 14.243972
18690, 14.313847
18700, 14.336688
18710, 14.391652
18720, 14.327874
18730, 14.405678
18740, 14.619628
18750, 17.259926
18760, 15.599600
18770, 16.431438
18780, 15.726986
18790, 17.706381
18800, 16.710371
18810, 17.467054
18820, 17.766890
18830, 16.534044
18840, 17.651717
18850, 17.192962
18860, 17.017810
18870, 17.002529
18880, 16.669613
18890, 16.206759
18900, 15.965951
18910, 14.689439
18920, 14.756394
18930, 15.913486
18940, 14.871193
18950, 14.883774
18960, 14.857905
18970, 14.105887
18980, 14.007297
18990, 14.075286
19000, 14.058397
19010, 14.070957
19020, 14.092483
19030, 14.113912
19040, 14.128045
19050, 14.136091
19060, 14.125573
19070, 14.155378
19080, 14.167447
19090, 14.184143
19100, 14.766019
19110, 14.325881
19120, 14.506869
19130, 15.177379
19140, 15.123290
19150, 15.079344
19160, 15.871570
19170, 14.879152
19180, 15.275056
19190, 14.974297
19200, 16.534221
19210, 17.853485
19220, 17.845816
19230, 17.880181
19240, 18.398915
19250, 18.302532
19260, 15.912604
19270, 15.625025
19280, 15.482921
19290, 16.197495
19300, 15.432581
19310, 15.791649
19320, 15.579384
19330, 15.927471
19340, 15.972909
19350, 15.675735
19360, 15.742400
19370, 15.703095
19380, 15.705404
19390, 15.699532
19400, 15.783770
19410, 15.767192
19420, 15.865780
19430, 16.080406
19440, 15.843253
19450, 15.826293
19460, 15.809756
19470, 15.803551
19480, 15.829086
19490, 15.857797
19500, 15.947232
19510, 16.718777
19520, 17.121205
19530, 15.713160
19540, 15.469087
19550, 15.401675
19560, 15.336727
19570, 15.799048
19580, 16.253801
19590, 16.086562
19600, 15.610498
19610, 15.564076
19620, 15.846246
19630, 15.957319
19640, 15.885916
19650, 15.964632
19660, 16.224200
19670, 15.929902
19680, 16.462829
19690, 15.654464
19700, 15.458169
19710, 15.549427
19720, 15.720259
19730, 16.115258
19740, 16.170410
19750, 15.681839
19760, 15.517278
19770, 15.738967
19780, 15.854227
19790, 17.286196
19800, 18.068220
19810, 16.985282
19820, 17.003368
19830, 16.739777
19840, 15.756269
19850, 15.634508
19860, 15.514971
19870, 15.435145
19880, 15.786018
19890, 16.250276
19900, 15.616122
19910, 15.796607
19920, 15.649647
19930, 15.803286
19940, 15.947767
19950, 15.993640
19960, 16.143292
19970, 17.052414
19980, 16.942681
19990, 17.456005
20000, 18.497656
20010, 18.900473
20020, 18.236726
20030, 17.174310
20040, 16.264773
20050, 16.326419
20060, 16.534680
20070, 16.214830
20080, 16.464270
20090, 16.048144
20100, 16.108766
20110, 16.758908
20120, 16.281690
20130, 16.669948
20140, 16.486505
20150, 16.256932
20160, 16.397990
20170, 16.154580
20180, 16.687828
20190, 16.513428
20200, 16.373826
20210, 16.999440
20220, 17.119056
20230, 16.952730
20240, 16.559022
20250, 18.172622
20260, 18.805912
20270, 17.665132
20280, 17.797192
20290, 17.396742
20300, 17.584322
20310, 18.266863
20320, 17.523685
20330, 17.743895
20340, 18.462652
20350, 17.423279
20360, 16.981880
20370, 18.320041
20380, 18.403820
20390, 19.362384
20400, 16.663815
20410, 17.703388
20420, 16.937202
20430, 16.919476
20440, 17.071250
20450, 17.461432
20460, 17.531557
20470, 18.440712
20480, 18.546700
20490, 17.720303
20500, 16.737666
20510, 17.639142
20520, 16.761471
20530, 20.438012
20540, 19.133085
20550, 18.548659
20560, 18.967811
20570, 18.571091
20580, 19.675847
20590, 20.719304
20600, 19.641374
20610, 18.790520
20620, 19.597238
20630, 20.092358
20640, 16.941966
20650, 17.377013
20660, 17.197965
20670, 17.024236
20680, 17.301305
20690, 17.988869
20700, 18.960844
20710, 21.262858
20720, 20.553925
20730, 21.619668
20740, 21.576759
20750, 20.830634
20760, 19.589258
20770, 17.431442
20780, 17.309996
20790, 17.200254
20800, 17.368997
20810, 18.917509
20820, 19.458270
20830, 22.258252
20840, 20.646064
20850, 19.766495
20860, 21.855183
20870, 21.054728
20880, 20.329799
20890, 19.726654
20900, 19.629693
20910, 19.855406
20920, 22.373042
20930, 22.707246
20940, 21.293044
20950, 21.577443
20960, 22.465685
20970, 21.521176
20980, 22.843361
20990, 21.202350
21000, 21.589932
21010, 21.481205
21020, 21.238151
21030, 22.046641
21040, 21.129063
21050, 19.815301
21060, 22.500626
21070, 19.952299
21080, 18.100656
21090, 17.462818
21100, 17.572626
21110, 17.507247
21120, 17.756519
21130, 17.549623
21140, 17.508497
21150, 17.523328
21160, 17.691247
21170, 17.565256
21180, 17.606219
21190, 17.733806
21200, 17.682352
21210, 17.615670
21220, 17.778814
21230, 17.676072
21240, 17.715773
21250, 17.714052
21260, 17.800387
21270, 17.857976
21280, 17.729197
21290, 17.789354
21300, 17.866674
21310, 18.016357
21320, 18.337226
21330, 19.608501
21340, 19.504521
21350, 21.223003
21360, 22.426070
21370, 21.144873
21380, 23.603929
21390, 21.848655
21400, 23.606175
21410, 23.041030
21420, 21.433894
21430, 23.049548
21440, 24.166349
21450, 23.680040
21460, 23.649154
21470, 24.053967
21480, 24.129207
21490, 23.265564
21500, 22.230593
21510, 21.352455
21520, 20.703406
21530, 20.616942
21540, 20.193639
21550, 18.245612
21560, 18.388098
21570, 18.274590
21580, 18.372201
21590, 18.284086
21600, 18.355444
21610, 18.445740
21620, 18.353037
21630, 18.431807
21640, 18.478121
21650, 18.391334
21660, 18.417904
21670, 18.546210
21680, 18.437155
21690, 18.459794
21700, 18.598695
21710, 18.497775
21720, 18.492115
21730, 18.494405
21740, 18.589563
21750, 18.683771
21760, 18.637353
21770, 18.762112
21780, 18.697486
21790, 18.592227
21800, 18.742082
21810, 18.678923
21820, 18.664631
21830, 18.795699
21840, 18.709558
21850, 18.769902
21860, 18.753795
21870, 18.795005
21880, 18.829840
21890, 18.928394
21900, 18.797390
21910, 19.000872
21920, 18.825431
21930, 18.916090
21940, 18.907740
21950, 18.871733
21960, 18.952777
21970, 19.062107
21980, 19.043081
21990, 19.113583
22000, 18.958483
22010, 18.969508
22020, 19.037853
22030, 19.003984
22040, 19.319857
22050, 19.062590
22060, 19.088781
22070, 19.228417
22080, 19.088567
22090, 19.114119
22100, 19.205260
22110, 19.414179
22120, 20.966049
22130, 21.527121
22140, 22.226786
22150, 20.908248
22160, 20.743036
22170, 21.001080
22180, 23.520048
22190, 24.704417
22200, 23.246163
22210, 24.016137
22220, 25.231083
22230, 26.048091
22240, 24.153276
22250, 25.992747
22260, 24.092655
22270, 23.415940
22280, 23.176880
22290, 21.509898
22300, 21.273489
22310, 21.221329
22320, 21.432462
22330, 20.982051
22340, 22.051455
22350, 21.801886
22360, 21.740259
22370, 22.442588
22380, 22.915722
22390, 21.708226
22400, 21.265131
22410, 21.464494
22420, 21.297154
22430, 21.354980
22440, 21.395593
22450, 22.496598
22460, 21.630122
22470, 21.506520
22480, 23.067322
22490, 21.551503
22500, 21.911894
22510, 22.419678
22520, 21.726822
22530, 21.439012
22540, 21.919992
22550, 21.493396
22560, 21.528648
22570, 21.870986
22580, 21.861336
22590, 21.536188
22600, 21.669609
22610, 21.713772
22620, 22.209243
22630, 22.039326
22640, 21.667660
22650, 21.625678
22660, 21.807360
22670, 21.839263
22680, 21.806740
22690, 22.308572
22700, 22.158106
22710, 22.241670
22720, 22.273305
22730, 21.937823
22740, 22.084147
22750, 22.230033
22760, 22.061249
22770, 21.999699
22780, 21.850781
22790, 22.218159
22800, 22.051566
22810, 22.196824
22820, 22.470451
22830, 22.324136
22840, 22.125380
22850, 22.343857
22860, 22.703166
22870, 22.404078
22880, 22.264699
22890, 22.071098
22900, 22.257909
22910, 22.492851
22920, 22.379624
22930, 22.225608
22940, 22.465631
22950, 22.639634
22960, 22.427335
22970, 22.425342
22980, 22.812779
22990, 23.034048
23000, 22.980148
23010, 22.717674
23020, 22.687847
23030, 22.692458
23040, 22.999091
23050, 22.840708
23060, 22.774262
23070, 22.973997
23080, 23.038589
23090, 22.607463
23100, 22.860084
23110, 22.811788
23120, 22.794683
23130, 22.849220
23140, 22.875006
23150, 23.068966
23160, 23.010957
23170, 22.815344
23180, 22.860403
23190, 23.220056
23200, 22.920221
23210, 23.031097
23220, 23.085910
23230, 22.944305
23240, 25.213815
23250, 28.015452
23260, 28.830190
23270, 24.222588
23280, 22.876402
23290, 23.878820
23300, 22.310433
23310, 22.448515
23320, 22.176726
23330, 23.725342
23340, 24.911822
23350, 23.533320
23360, 23.262292
23370, 24.110146
23380, 23.735696
23390, 23.291346
23400, 23.670022
23410, 24.461257
23420, 24.779313
23430, 25.536664
23440, 24.371167
23450, 24.681206
23460, 24.350715
23470, 23.124470
23480, 23.596060
23490, 24.004760
23500, 22.649359
23510, 22.794396
23520, 22.417409
23530, 22.542634
23540, 22.867117
23550, 23.224412
23560, 26.838291
23570, 26.535473
23580, 26.748301
23590, 27.192600
23600, 26.772243
23610, 27.877777
23620, 27.008012
23630, 27.454885
23640, 27.137098
23650, 27.166019
23660, 26.771914
23670, 25.067201
23680, 24.716537
23690, 26.035251
23700, 26.730667
23710, 27.598029
23720, 27.106352
23730, 26.512303
23740, 26.835203
23750, 27.380332
23760, 27.630482
23770, 27.337191
23780, 26.142449
23790, 28.340146
23800, 27.110472
23810, 24.759518
23820, 24.500746
23830, 27.487352
23840, 25.228198
23850, 26.148367
23860, 26.417719
23870, 26.447479
23880, 25.944260
23890, 25.984092
23900, 23.875906
23910, 22.808482
23920, 22.856824
23930, 22.848665
23940, 23.030836
23950, 22.966298
23960, 23.175654
23970, 22.968027
23980, 23.022514
23990, 24.449123
24000, 25.665743
24010, 24.328895
24020, 24.336952
24030, 24.058207
24040, 24.425301
24050, 24.860301
24060, 25.820390
24070, 24.536334
24080, 24.144425
24090, 24.806615
24100, 25.651271
24110, 24.654785
24120, 26.501795
24130, 25.803647
24140, 26.246757
24150, 25.922083
24160, 28.454971
24170, 28.873097
24180, 27.414204
24190, 25.539559
24200, 25.651794
24210, 26.914096
24220, 26.143400
24230, 26.831181
24240, 25.969782
24250, 25.404209
24260, 27.565012
24270, 25.703050
24280, 26.240430
24290, 27.909754
24300, 25.293611
24310, 26.849092
24320, 27.763039
24330, 24.728999
24340, 24.922595
24350, 24.641931
24360, 25.212162
24370, 25.741085
24380, 29.953546
24390, 30.882366
24400, 32.817058
24410, 31.771887
24420, 30.003548
24430, 28.974406
24440, 29.418591
24450, 29.154381
24460, 29.059414
24470, 28.518299
24480, 24.703382
24490, 23.655806
24500, 23.712057
24510, 24.029705
24520, 23.917109
24530, 23.821422
24540, 23.769176
24550, 23.786422
24560, 23.977595
24570, 24.339506
24580, 24.468697
24590, 24.388498
24600, 24.336573
24610, 24.570243
24620, 24.453650
24630, 24.312244
24640, 24.378327
24650, 24.428827
24660, 24.488790
24670, 24.438494
24680, 24.571707
24690, 24.697578
24700, 24.636295
24710, 24.747790
24720, 24.632645
24730, 24.714879
24740, 24.792497
24750, 24.729386
24760, 24.831017
24770, 24.812923
24780, 24.851691
24790, 25.225362
24800, 24.656055
24810, 24.692659
24820, 24.854133
24830, 24.739363
24840, 24.550298
24850, 24.563495
24860, 24.583176
24870, 24.549485
24880, 24.606134
24890, 24.665281
24900, 25.371571
24910, 24.897403
24920, 24.687125
24930, 24.781992
24940, 25.682279
24950, 28.604574
24960, 28.774908
24970, 28.013800
24980, 26.299146
24990, 27.077182
25000, 28.917014
25010, 31.683384
25020, 31.845095
25030, 32.246379
25040, 29.934217
25050, 29.119965
25060, 28.790889
25070, 27.777199
25080, 28.030691
25090, 29.762455
25100, 26.082951
25110, 24.909879
25120, 24.900880
25130, 27.086750
25140, 31.440236
25150, 29.442358
25160, 28.479718
25170, 28.477135
25180, 28.308097
25190, 28.281849
25200, 27.723569
25210, 27.466725
25220, 27.162803
25230, 27.421217
25240, 27.069285
25250, 27.157695
25260, 27.206709
25270, 27.487221
25280, 29.584678
25290, 29.367627
25300, 28.947645
25310, 29.027172
25320, 29.821582
25330, 27.686681
25340, 27.702149
25350, 27.560840
25360, 27.634308
25370, 27.865910
25380, 28.467880
25390, 28.670316
25400, 27.543839
25410, 27.512699
25420, 28.023406
25430, 28.449204
25440, 28.159590
25450, 27.178584
25460, 27.096783
25470, 27.230368
25480, 27.359219
25490, 27.289667
25500, 27.366943
25510, 27.403010
25520, 27.356469
25530, 27.579721
25540, 27.415076
25550, 28.098704
25560, 27.864294
25570, 27.897124
25580, 27.911713
25590, 27.942139
25600, 27.887475
25610, 28.209996
25620, 30.347764
25630, 28.505478
25640, 28.822072
25650, 27.160415
25660, 27.735031
25670, 28.405990
25680, 27.328172
25690, 28.389967
25700, 27.410825
25710, 27.722981
25720, 27.148882
25730, 28.523527
25740, 28.064947
25750, 33.282870
25760, 33.021963
25770, 33.140969
25780, 31.548690
25790, 32.226842
25800, 32.082312
25810, 31.867430
25820, 29.799759
25830, 31.055355
25840, 31.537120
25850, 31.844121
25860, 33.209380
25870, 31.967042
25880, 33.405690
25890, 30.852646
25900, 30.839712
25910, 33.125630
25920, 34.198236
25930, 32.400281
25940, 33.266996
25950, 31.631775
25960, 30.473698
25970, 33.190332
25980, 33.228272
25990, 33.155853
26000, 30.110663
26010, 30.036648
26020, 29.709624
26030, 30.483574
26040, 33.254456
26050, 32.208691
26060, 31.596755
26070, 32.046961
26080, 29.730914
26090, 30.440565
26100, 30.618824
26110, 30.261157
26120, 29.503351
26130, 30.984132
26140, 30.096574
26150, 31.043042
26160, 29.761579
26170, 29.972002
26180, 30.588937
26190, 32.764663
26200, 32.894950
26210, 32.554098
26220, 32.737434
26230, 31.782210
26240, 28.820513
26250, 30.286762
26260, 33.253404
26270, 31.143933
26280, 30.489319
26290, 30.194285
26300, 29.353568
26310, 31.505841
26320, 32.114222
26330, 31.223099
26340, 29.834017
26350, 30.840627
26360, 34.511521
26370, 35.968520
26380, 35.737912
26390, 35.863652
26400, 33.001473
26410, 33.119391
26420, 32.814710
26430, 32.086247
26440, 30.666380
26450, 30.125591
26460, 32.307548
26470, 27.957658
26480, 27.821316
26490, 27.790965
26500, 27.768066
26510, 27.797977
26520, 27.934204
26530, 27.881793
26540, 27.911287
26550, 27.929688
26560, 27.891249
26570, 27.966192
26580, 27.950332
26590, 27.922089
26600, 27.984556
26610, 28.114068
26620, 28.032225
26630, 28.021942
26640, 28.080568
26650, 28.083561
26660, 28.258366
26670, 28.186709
26680, 28.126908
26690, 28.173247
26700, 28.329080
26710, 28.205298
26720, 28.244117
26730, 28.238672
26740, 28.298740
26750, 28.408678
26760, 28.317079
26770, 28.339115
26780, 28.400261
26790, 28.510156
26800, 28.485740
26810, 28.475396
26820, 28.490086
26830, 28.473663
26840, 28.592383
26850, 28.536497
26860, 28.619676
26870, 28.609310
26880, 29.635060
26890, 30.369802
26900, 29.525353
26910, 31.943762
26920, 28.705279
26930, 28.725149
26940, 29.613917
26950, 29.338017
26960, 29.358156
26970, 28.784657
26980, 28.908500
26990, 28.769664
27000, 28.835606
27010, 28.835229
27020, 28.937943
27030, 28.895202
27040, 28.903115
27050, 28.906107
27060, 28.944850
27070, 28.960937
27080, 28.965032
27090, 29.050040
27100, 28.982283
27110, 29.023344
27120, 29.101445
27130, 29.067358
27140, 29.158495
27150, 29.161153
27160, 29.134886
27170, 29.159987
27180, 29.204020
27190, 29.281040
27200, 29.263797
27210, 29.320632
27220, 29.266245
27230, 29.332955
27240, 29.304168
27250, 29.383469
27260, 29.401989
27270, 29.384051
27280, 29.407303
27290, 29.537038
27300, 29.459417
27310, 29.562903
27320, 29.618645
27330, 29.493905
27340, 29.535299
27350, 29.590001
27360, 29.626302
27370, 29.704262
27380, 29.595201
27390, 29.660101
27400, 29.739664
27410, 29.730250
27420, 29.763264
27430, 29.747331
27440, 29.724783
27450, 29.826763
27460, 29.782630
27470, 29.833795
27480, 29.832462
27490, 29.924980
27500, 29.983179
27510, 29.913517
27520, 29.934507
27530, 30.031743
27540, 30.031418
27550, 30.008724
27560, 30.027854
27570, 30.133081
27580, 30.062016
27590, 30.114827
27600, 30.149288
27610, 30.192673
27620, 30.190722
27630, 30.209478
27640, 30.226432
27650, 30.245982
27660, 30.330856
27670, 30.328900
27680, 30.278612
27690, 30.371022
27700, 30.324429
27710, 30.398979
27720, 30.450425
27730, 30.414488
27740, 30.495813
27750, 30.478426
27760, 30.534045
27770, 30.515237
27780, 30.508709
27790, 30.575606
27800, 30.581024
27810, 30.589048
27820, 30.598033
27830, 30.700018
27840, 30.727027
27850, 30.694670
27860, 30.752919
27870, 30.877669
27880, 30.754522
27890, 30.826645
27900, 30.801736
27910, 30.829520
27920, 30.825199
27930, 30.844549
27940, 30.949369
27950, 31.001669
27960, 30.915761
27970, 30.974702
27980, 30.962956
27990, 31.053086
28000, 31.049448
28010, 31.019029
28020, 31.090761
28030, 31.076042
28040, 31.171075
28050, 31.150282
28060, 31.150149
28070, 31.185497
28080, 31.258439
28090, 31.237393
2