10, 0.000000
20, 0.000000
30, 0.000000
40, 0.000000
50, 0.000000
60, 0.000045
70, 0.000056
80, 0.000012
90, 0.000016
100, 0.000000
110, 0.000000
120, 0.000112
130, 0.000140
140, 0.000171
150, 0.000044
160, 0.000179
170, 0.000298
180, 0.000285
190, 0.000083
200, 0.000297
210, 0.000000
220, 0.000216
230, 0.000432
240, 0.000474
250, 0.000529
260, 0.000500
270, 0.000579
280, 0.000682
290, 0.000634
300, 0.000676
310, 0.000743
320, 0.000773
330, 0.001022
340, 0.000882
350, 0.000978
360, 0.001032
370, 0.001007
380, 0.001134
390, 0.001109
400, 0.001287
410, 0.001431
420, 0.001088
430, 0.001548
440, 0.000999
450, 0.001531
460, 0.001253
470, 0.001720
480, 0.001783
490, 0.001776
500, 0.001645
510, 0.002040
520, 0.002037
530, 0.002224
540, 0.002174
550, 0.002114
560, 0.002595
570, 0.002498
580, 0.002180
590, 0.002562
600, 0.002163
610, 0.003023
620, 0.002959
630, 0.003003
640, 0.002968
650, 0.003010
660, 0.002841
670, 0.003314
680, 0.003544
690, 0.002703
700, 0.003358
710, 0.003521
720, 0.003815
730, 0.003566
740, 0.003980
750, 0.003951
760, 0.004150
770, 0.004294
780, 0.004473
790, 0.004527
800, 0.005443
810, 0.004849
820, 0.004900
830, 0.005062
840, 0.005058
850, 0.005177
860, 0.004667
870, 0.005456
880, 0.005584
890, 0.005702
900, 0.005771
910, 0.006047
920, 0.006443
930, 0.006642
940, 0.006711
950, 0.006543
960, 0.006864
970, 0.006174
980, 0.007593
990, 0.007779
1000, 0.007899
1010, 0.008261
1020, 0.008646
1030, 0.008683
1040, 0.008469
1050, 0.008179
1060, 0.008195
1070, 0.008078
1080, 0.011177
1090, 0.011889
1100, 0.010485
1110, 0.010998
1120, 0.010711
1130, 0.010270
1140, 0.008528
1150, 0.010510
1160, 0.010619
1170, 0.010594
1180, 0.014333
1190, 0.014650
1200, 0.014042
1210, 0.013060
1220, 0.013348
1230, 0.013058
1240, 0.011560
1250, 0.013729
1260, 0.012914
1270, 0.012499
1280, 0.013431
1290, 0.012828
1300, 0.012456
1310, 0.012091
1320, 0.012781
1330, 0.012917
1340, 0.012487
1350, 0.013150
1360, 0.013637
1370, 0.013761
1380, 0.014915
1390, 0.014719
1400, 0.014348
1410, 0.014378
1420, 0.015110
1430, 0.014492
1440, 0.015556
1450, 0.018201
1460, 0.020237
1470, 0.015192
1480, 0.016526
1490, 0.016433
1500, 0.016437
1510, 0.016598
1520, 0.016653
1530, 0.016812
1540, 0.016891
1550, 0.017213
1560, 0.017438
1570, 0.016538
1580, 0.019459
1590, 0.017066
1600, 0.018889
1610, 0.016347
1620, 0.017600
1630, 0.016394
1640, 0.022129
1650, 0.020647
1660, 0.020061
1670, 0.019491
1680, 0.020520
1690, 0.025548
1700, 0.025001
1710, 0.022853
1720, 0.022258
1730, 0.024202
1740, 0.023727
1750, 0.023949
1760, 0.022488
1770, 0.023105
1780, 0.022486
1790, 0.022557
1800, 0.023377
1810, 0.021343
1820, 0.023310
1830, 0.023428
1840, 0.024707
1850, 0.026597
1860, 0.025913
1870, 0.025537
1880, 0.025135
1890, 0.025532
1900, 0.025154
1910, 0.029969
1920, 0.028487
1930, 0.026090
1940, 0.027354
1950, 0.029702
1960, 0.029005
1970, 0.026358
1980, 0.027740
1990, 0.029315
2000, 0.027685
2010, 0.028551
2020, 0.026470
2030, 0.031249
2040, 0.029577
2050, 0.030513
2060, 0.031672
2070, 0.030188
2080, 0.031605
2090, 0.030938
2100, 0.032144
2110, 0.032328
2120, 0.039135
2130, 0.031792
2140, 0.030455
2150, 0.035232
2160, 0.034557
2170, 0.034215
2180, 0.029101
2190, 0.033279
2200, 0.033511
2210, 0.034320
2220, 0.035315
2230, 0.040465
2240, 0.039906
2250, 0.035129
2260, 0.035960
2270, 0.036566
2280, 0.038015
2290, 0.037598
2300, 0.038343
2310, 0.037661
2320, 0.037877
2330, 0.037525
2340, 0.039909
2350, 0.040353
2360, 0.038860
2370, 0.039141
2380, 0.041946
2390, 0.041658
2400, 0.040133
2410, 0.040087
2420, 0.041198
2430, 0.042377
2440, 0.045546
2450, 0.043462
2460, 0.044936
2470, 0.043601
2480, 0.043537
2490, 0.051141
2500, 0.043676
2510, 0.045009
2520, 0.044275
2530, 0.045637
2540, 0.048066
2550, 0.046273
2560, 0.047854
2570, 0.048073
2580, 0.049545
2590, 0.048030
2600, 0.052406
2610, 0.052731
2620, 0.054109
2630, 0.050409
2640, 0.051001
2650, 0.051562
2660, 0.053519
2670, 0.054995
2680, 0.047262
2690, 0.056296
2700, 0.054413
2710, 0.056844
2720, 0.052475
2730, 0.063664
2740, 0.059917
2750, 0.055411
2760, 0.064760
2770, 0.067459
2780, 0.075960
2790, 0.064063
2800, 0.059296
2810, 0.060751
2820, 0.058092
2830, 0.068943
2840, 0.057310
2850, 0.061863
2860, 0.058947
2870, 0.059997
2880, 0.059209
2890, 0.062239
2900, 0.063645
2910, 0.066314
2920, 0.062991
2930, 0.063515
2940, 0.071322
2950, 0.064343
2960, 0.065925
2970, 0.068035
2980, 0.071830
2990, 0.069044
3000, 0.072112
3010, 0.073694
3020, 0.064564
3030, 0.065591
3040, 0.069211
3050, 0.071336
3060, 0.070500
3070, 0.070615
3080, 0.069101
3090, 0.068563
3100, 0.091408
3110, 0.077262
3120, 0.078114
3130, 0.076417
3140, 0.073834
3150, 0.081413
3160, 0.079523
3170, 0.072523
3180, 0.078025
3190, 0.075295
3200, 0.079535
3210, 0.084930
3220, 0.087596
3230, 0.089940
3240, 0.085026
3250, 0.081907
3260, 0.077917
3270, 0.080350
3280, 0.080568
3290, 0.074924
3300, 0.075041
3310, 0.075995
3320, 0.080683
3330, 0.077154
3340, 0.076821
3350, 0.080987
3360, 0.077633
3370, 0.079400
3380, 0.079060
3390, 0.073653
3400, 0.085066
3410, 0.091740
3420, 0.098854
3430, 0.093593
3440, 0.089873
3450, 0.097002
3460, 0.089540
3470, 0.095111
3480, 0.090858
3490, 0.089878
3500, 0.095176
3510, 0.096635
3520, 0.095285
3530, 0.094643
3540, 0.088576
3550, 0.093416
3560, 0.105049
3570, 0.101442
3580, 0.093381
3590, 0.094075
3600, 0.097244
3610, 0.097825
3620, 0.095677
3630, 0.096786
3640, 0.093792
3650, 0.096963
3660, 0.093934
3670, 0.098282
3680, 0.112318
3690, 0.102084
3700, 0.114486
3710, 0.119035
3720, 0.143092
3730, 0.143172
3740, 0.146562
3750, 0.136329
3760, 0.132860
3770, 0.164902
3780, 0.160315
3790, 0.125974
3800, 0.114060
3810, 0.111653
3820, 0.143227
3830, 0.148054
3840, 0.126693
3850, 0.120477
3860, 0.111486
3870, 0.121832
3880, 0.133300
3890, 0.135207
3900, 0.121885
3910, 0.113296
3920, 0.115799
3930, 0.117707
3940, 0.111617
3950, 0.112155
3960, 0.109968
3970, 0.113810
3980, 0.113277
3990, 0.115285
4000, 0.117422
4010, 0.126062
4020, 0.118122
4030, 0.117449
4040, 0.120026
4050, 0.121043
4060, 0.120020
4070, 0.122095
4080, 0.121285
4090, 0.118758
4100, 0.124531
4110, 0.123146
4120, 0.124197
4130, 0.123989
4140, 0.120942
4150, 0.128841
4160, 0.125464
4170, 0.130118
4180, 0.135289
4190, 0.130236
4200, 0.128250
4210, 0.132123
4220, 0.128311
4230, 0.129815
4240, 0.129234
4250, 0.130849
4260, 0.140093
4270, 0.130077
4280, 0.129348
4290, 0.132595
4300, 0.134801
4310, 0.141102
4320, 0.137528
4330, 0.131780
4340, 0.136408
4350, 0.138982
4360, 0.138415
4370, 0.138446
4380, 0.135963
4390, 0.147285
4400, 0.144644
4410, 0.147181
4420, 0.141573
4430, 0.145530
4440, 0.144813
4450, 0.141852
4460, 0.145907
4470, 0.143158
4480, 0.146906
4490, 0.148259
4500, 0.155391
4510, 0.149154
4520, 0.150025
4530, 0.151301
4540, 0.152498
4550, 0.152049
4560, 0.158461
4570, 0.158065
4580, 0.153875
4590, 0.148807
4600, 0.158118
4610, 0.157870
4620, 0.151191
4630, 0.156540
4640, 0.157152
4650, 0.159720
4660, 0.189828
4670, 0.197967
4680, 0.156014
4690, 0.158503
4700, 0.159251
4710, 0.159231
4720, 0.157229
4730, 0.168140
4740, 0.163426
4750, 0.159981
4760, 0.161294
4770, 0.163919
4780, 0.164392
4790, 0.164342
4800, 0.167009
4810, 0.168618
4820, 0.164737
4830, 0.165141
4840, 0.168333
4850, 0.170482
4860, 0.175457
4870, 0.173443
4880, 0.174582
4890, 0.174291
4900, 0.173928
4910, 0.176238
4920, 0.172951
4930, 0.173522
4940, 0.174069
4950, 0.188422
4960, 0.178070
4970, 0.174012
4980, 0.181491
4990, 0.177428
5000, 0.177868
5010, 0.179957
5020, 0.181508
5030, 0.199134
5040, 0.182294
5050, 0.182278
5060, 0.186997
5070, 0.188041
5080, 0.186639
5090, 0.191579
5100, 0.184517
5110, 0.189894
5120, 0.192411
5130, 0.189363
5140, 0.194685
5150, 0.196611
5160, 0.199662
5170, 0.199258
5180, 0.194748
5190, 0.194688
5200, 0.197813
5210, 0.227980
5220, 0.265266
5230, 0.229617
5240, 0.200428
5250, 0.201052
5260, 0.199080
5270, 0.204051
5280, 0.201288
5290, 0.201392
5300, 0.208378
5310, 0.205684
5320, 0.204701
5330, 0.203202
5340, 0.205887
5350, 0.208150
5360, 0.213328
5370, 0.211820
5380, 0.210314
5390, 0.208696
5400, 0.210277
5410, 0.212857
5420, 0.213360
5430, 0.215039
5440, 0.214222
5450, 0.210318
5460, 0.218430
5470, 0.212675
5480, 0.217211
5490, 0.218576
5500, 0.223047
5510, 0.222235
5520, 0.222265
5530, 0.224249
5540, 0.223057
5550, 0.220427
5560, 0.231789
5570, 0.222806
5580, 0.227378
5590, 0.227405
5600, 0.223888
5610, 0.228815
5620, 0.226021
5630, 0.230230
5640, 0.231993
5650, 0.230245
5660, 0.232618
5670, 0.235537
5680, 0.236509
5690, 0.237903
5700, 0.232781
5710, 0.237677
5720, 0.241760
5730, 0.236330
5740, 0.244964
5750, 0.238201
5760, 0.247601
5770, 0.240570
5780, 0.257631
5790, 0.256486
5800, 0.270159
5810, 0.264977
5820, 0.256752
5830, 0.247291
5840, 0.251558
5850, 0.243331
5860, 0.253166
5870, 0.263330
5880, 0.253244
5890, 0.252911
5900, 0.257878
5910, 0.254828
5920, 0.252742
5930, 0.275606
5940, 0.255500
5950, 0.264621
5960, 0.255968
5970, 0.264884
5980, 0.257147
5990, 0.268332
6000, 0.272392
6010, 0.264301
6020, 0.269521
6030, 0.273726
6040, 0.264267
6050, 0.269683
6060, 0.272731
6070, 0.273426
6080, 0.277391
6090, 0.274952
6100, 0.270097
6110, 0.268888
6120, 0.277367
6130, 0.273253
6140, 0.272000
6150, 0.288949
6160, 0.291294
6170, 0.278059
6180, 0.289229
6190, 0.275272
6200, 0.283459
6210, 0.289868
6220, 0.278338
6230, 0.283502
6240, 0.284387
6250, 0.292851
6260, 0.285773
6270, 0.286748
6280, 0.296456
6290, 0.283511
6300, 0.294006
6310, 0.291911
6320, 0.294040
6330, 0.295486
6340, 0.292675
6350, 0.295310
6360, 0.296092
6370, 0.302050
6380, 0.298455
6390, 0.295057
6400, 0.298162
6410, 0.300771
6420, 0.304618
6430, 0.297068
6440, 0.318126
6450, 0.300321
6460, 0.320425
6470, 0.301098
6480, 0.301045
6490, 0.306718
6500, 0.304446
6510, 0.308183
6520, 0.309863
6530, 0.318785
6540, 0.380278
6550, 0.315525
6560, 0.381035
6570, 0.314865
6580, 0.315913
6590, 0.314502
6600, 0.381903
6610, 0.324265
6620, 0.376848
6630, 0.316703
6640, 0.331020
6650, 0.380518
6660, 0.326027
6670, 0.335823
6680, 0.332431
6690, 0.384306
6700, 0.341168
6710, 0.370812
6720, 0.323644
6730, 0.332188
6740, 0.328862
6750, 0.338955
6760, 0.332200
6770, 0.338702
6780, 0.338559
6790, 0.333587
6800, 0.344469
6810, 0.341566
6820, 0.338678
6830, 0.347541
6840, 0.338374
6850, 0.344565
6860, 0.344593
6870, 0.342696
6880, 0.348204
6890, 0.350099
6900, 0.351961
6910, 0.349709
6920, 0.347923
6930, 0.346662
6940, 0.350806
6950, 0.355117
6960, 0.357810
6970, 0.352602
6980, 0.352934
6990, 0.351628
7000, 0.353468
7010, 0.359610
7020, 0.364219
7030, 0.363483
7040, 0.352517
7050, 0.363491
7060, 0.362147
7070, 0.363591
7080, 0.371437
7090, 0.431554
7100, 0.377384
7110, 0.412787
7120, 0.361736
7130, 0.371945
7140, 0.371153
7150, 0.374788
7160, 0.367890
7170, 0.377174
7180, 0.373446
7190, 0.410272
7200, 0.411881
7210, 0.380619
7220, 0.378997
7230, 0.389092
7240, 0.440008
7250, 0.393658
7260, 0.382057
7270, 0.392935
7280, 0.387860
7290, 0.384577
7300, 0.387951
7310, 0.391628
7320, 0.388000
7330, 0.409787
7340, 0.391047
7350, 0.393167
7360, 0.396304
7370, 0.396655
7380, 0.394883
7390, 0.393706
7400, 0.394847
7410, 0.405330
7420, 0.395794
7430, 0.399612
7440, 0.403220
7450, 0.399810
7460, 0.405746
7470, 0.456060
7480, 0.420828
7490, 0.401793
7500, 0.412214
7510, 0.416055
7520, 0.411637
7530, 0.419871
7540, 0.411790
7550, 0.414304
7560, 0.412715
7570, 0.427759
7580, 0.415111
7590, 0.423171
7600, 0.421022
7610, 0.426351
7620, 0.425745
7630, 0.422228
7640, 0.424405
7650, 0.430839
7660, 0.423703
7670, 0.503363
7680, 0.504611
7690, 0.476568
7700, 0.500390
7710, 0.432107
7720, 0.455121
7730, 0.451489
7740, 0.448636
7750, 0.456809
7760, 0.454076
7770, 0.512712
7780, 0.439268
7790, 0.447900
7800, 0.497085
7810, 0.440286
7820, 0.444925
7830, 0.442856
7840, 0.453706
7850, 0.503642
7860, 0.508121
7870, 0.489441
7880, 0.491873
7890, 0.480330
7900, 0.485146
7910, 0.454490
7920, 0.514178
7930, 0.462713
7940, 0.463703
7950, 0.458280
7960, 0.457551
7970, 0.474943
7980, 0.457391
7990, 0.464217
8000, 0.484374
8010, 0.517837
8020, 0.528046
8030, 0.466340
8040, 0.478691
8050, 0.479896
8060, 0.481383
8070, 0.480516
8080, 0.473114
8090, 0.506175
8100, 0.511385
8110, 0.477683
8120, 0.481481
8130, 0.479639
8140, 0.493657
8150, 0.485535
8160, 0.487530
8170, 0.478320
8180, 0.487722
8190, 0.492806
8200, 0.489573
8210, 0.495764
8220, 0.492506
8230, 0.491791
8240, 0.497841
8250, 0.502804
8260, 0.504953
8270, 0.500487
8280, 0.503997
8290, 0.496344
8300, 0.495131
8310, 0.565762
8320, 0.510407
8330, 0.541756
8340, 0.523944
8350, 0.505982
8360, 0.500879
8370, 0.504577
8380, 0.568779
8390, 0.520834
8400, 0.509385
8410, 0.522154
8420, 0.521264
8430, 0.512834
8440, 0.525432
8450, 0.522153
8460, 0.582725
8470, 0.527615
8480, 0.529866
8490, 0.524919
8500, 0.530408
8510, 0.539952
8520, 0.531177
8530, 0.551834
8540, 0.530045
8550, 0.529977
8560, 0.536192
8570, 0.540247
8580, 0.535339
8590, 0.579573
8600, 0.668685
8610, 0.596407
8620, 0.548925
8630, 0.534195
8640, 0.560102
8650, 0.614403
8660, 0.563111
8670, 0.620109
8680, 0.815841
8690, 0.618900
8700, 0.631461
8710, 0.632102
8720, 0.598971
8730, 0.562580
8740, 0.607229
8750, 0.618278
8760, 0.611536
8770, 0.555670
8780, 0.581529
8790, 0.633551
8800, 0.614091
8810, 0.557331
8820, 0.561408
8830, 0.561738
8840, 0.570394
8850, 0.565925
8860, 0.576092
8870, 0.569339
8880, 0.574665
8890, 0.570095
8900, 0.604982
8910, 0.600908
8920, 0.585626
8930, 0.578494
8940, 0.580285
8950, 0.587998
8960, 0.641047
8970, 0.586798
8980, 0.586268
8990, 0.594631
9000, 0.598083
9010, 0.600266
9020, 0.642871
9030, 0.592055
9040, 0.591506
9050, 0.595567
9060, 0.591138
9070, 0.599304
9080, 0.597323
9090, 0.601740
9100, 0.619508
9110, 0.609022
9120, 0.603815
9130, 0.605493
9140, 0.602727
9150, 0.603355
9160, 0.610309
9170, 0.608926
9180, 0.633100
9190, 0.615164
9200, 0.613906
9210, 0.623086
9220, 0.615843
9230, 0.615701
9240, 0.614173
9250, 0.685213
9260, 0.620305
9270, 0.625045
9280, 0.629800
9290, 0.634721
9300, 0.627548
9310, 0.628055
9320, 0.629022
9330, 0.629608
9340, 0.634758
9350, 0.632073
9360, 0.634709
9370, 0.639750
9380, 0.636112
9390, 0.640170
9400, 0.648906
9410, 0.644704
9420, 0.640726
9430, 0.647943
9440, 0.644352
9450, 0.646892
9460, 0.650130
9470, 0.647862
9480, 0.647500
9490, 0.713360
9500, 0.651313
9510, 0.726113
9520, 0.667397
9530, 0.651038
9540, 0.693447
9550, 0.662460
9560, 0.674983
9570, 0.665909
9580, 0.671381
9590, 0.675332
9600, 0.666980
9610, 0.670000
9620, 0.669147
9630, 0.668745
9640, 0.686657
9650, 0.678927
9660, 0.674799
9670, 0.683321
9680, 0.686651
9690, 0.684357
9700, 0.679845
9710, 0.679179
9720, 0.686436
9730, 0.692515
9740, 0.688367
9750, 0.690329
9760, 0.696702
9770, 0.712078
9780, 0.713001
9790, 0.815346
9800, 0.719777
9810, 0.799898
9820, 0.794132
9830, 0.781098
9840, 0.837282
9850, 0.818148
9860, 0.783223
9870, 0.798642
9880, 0.769868
9890, 0.785240
9900, 0.767471
9910, 0.749119
9920, 0.786448
9930, 0.809827
9940, 0.773291
9950, 0.720473
9960, 0.793479
9970, 0.790141
9980, 0.781011
9990, 0.782922
10000, 0.793747
10010, 0.786468
10020, 0.772089
10030, 0.753853
10040, 0.737919
10050, 0.748229
10060, 0.740199
10070, 0.734510
10080, 0.736469
10090, 0.742638
10100, 0.735754
10110, 0.813020
10120, 0.738792
10130, 0.805828
10140, 0.775126
10150, 0.764882
10160, 0.751893
10170, 0.803386
10180, 0.765015
10190, 0.753946
10200, 0.759252
10210, 0.753572
10220, 0.792030
10230, 0.774881
10240, 0.763844
10250, 0.752350
10260, 0.840268
10270, 0.760531
10280, 0.764121
10290, 0.778899
10300, 0.826870
10310, 0.791502
10320, 0.820464
10330, 0.891165
10340, 0.880623
10350, 0.913774
10360, 0.836632
10370, 0.881715
10380, 0.880471
10390, 0.859943
10400, 0.801851
10410, 0.802658
10420, 0.808285
10430, 0.804331
10440, 0.812174
10450, 0.869354
10460, 0.831689
10470, 0.803528
10480, 0.811585
10490, 0.881904
10500, 0.880009
10510, 0.972074
10520, 0.877882
10530, 0.964589
10540, 0.905760
10550, 0.880583
10560, 0.882201
10570, 0.882101
10580, 0.882326
10590, 0.902930
10600, 0.883087
10610, 0.802104
10620, 0.836363
10630, 0.827714
10640, 0.905528
10650, 0.832314
10660, 0.847833
10670, 0.855247
10680, 0.877260
10690, 0.828866
10700, 0.835247
10710, 0.880625
10720, 0.923236
10730, 0.921626
10740, 0.995685
10750, 0.954549
10760, 0.975059
10770, 0.863700
10780, 0.883984
10790, 0.879437
10800, 0.987307
10810, 0.975703
10820, 0.984316
10830, 0.977022
10840, 0.971380
10850, 0.991667
10860, 0.947222
10870, 0.927180
10880, 1.105136
10890, 0.964502
10900, 1.000829
10910, 0.889933
10920, 0.956957
10930, 0.883630
10940, 0.817582
10950, 0.821137
10960, 0.821277
10970, 0.823117
10980, 0.830436
10990, 0.832104
11000, 0.827584
11010, 0.834964
11020, 0.832772
11030, 0.869782
11040, 0.839773
11050, 0.834520
11060, 0.834580
11070, 0.842513
11080, 0.837659
11090, 0.842196
11100, 0.844911
11110, 0.849637
11120, 0.849330
11130, 0.847802
11140, 0.849371
11150, 0.859036
11160, 0.848083
11170, 0.851038
11180, 0.854341
11190, 0.857102
11200, 0.858105
11210, 0.858176
11220, 0.860017
11230, 0.870558
11240, 0.869239
11250, 0.861073
11260, 0.871149
11270, 0.871045
11280, 0.887925
11290, 0.926372
11300, 1.017236
11310, 1.014594
11320, 0.951756
11330, 0.997445
11340, 0.974737
11350, 0.969811
11360, 1.147417
11370, 1.120563
11380, 1.107580
11390, 1.089863
11400, 1.099932
11410, 1.060618
11420, 1.042935
11430, 1.122230
11440, 1.074572
11450, 1.098431
11460, 1.087828
11470, 1.090006
11480, 1.055346
11490, 1.039711
11500, 1.079815
11510, 1.040097
11520, 1.120129
11530, 1.093396
11540, 1.105307
11550, 1.042460
11560, 1.088397
11570, 1.094607
11580, 0.972733
11590, 1.021561
11600, 1.002734
11610, 1.087597
11620, 1.104992
11630, 1.064298
11640, 1.102997
11650, 1.015956
11660, 1.299104
11670, 1.100074
11680, 1.087877
11690, 0.999384
11700, 1.104725
11710, 1.117516
11720, 1.004419
11730, 1.050691
11740, 1.122989
11750, 1.011334
11760, 1.009845
11770, 1.018447
11780, 1.058331
11790, 1.030962
11800, 1.025594
11810, 1.023773
11820, 1.018702
11830, 1.067961
11840, 0.968688
11850, 0.961011
11860, 0.973285
11870, 0.966861
11880, 0.967074
11890, 0.969880
11900, 0.978394
11910, 0.970605
11920, 0.980689
11930, 0.977901
11940, 0.982583
11950, 0.971896
11960, 0.979510
11970, 0.983275
11980, 0.977075
11990, 0.989570
12000, 0.987932
12010, 1.024396
12020, 0.992500
12030, 0.995814
12040, 0.993738
12050, 0.994339
12060, 1.005667
12070, 1.002619
12080, 0.999669
12090, 1.005499
12100, 1.003113
12110, 1.040226
12120, 1.063329
12130, 1.012129
12140, 1.016823
12150, 1.022928
12160, 1.015903
12170, 1.012869
12180, 1.027973
12190, 1.021875
12200, 1.021968
12210, 1.024426
12220, 1.021981
12230, 1.046561
12240, 1.024166
12250, 1.034523
12260, 1.030573
12270, 1.034652
12280, 1.030090
12290, 1.034117
12300, 1.037570
12310, 1.036177
12320, 1.035163
12330, 1.036063
12340, 1.040526
12350, 1.044523
12360, 1.047822
12370, 1.050119
12380, 1.116812
12390, 1.111153
12400, 1.127515
12410, 1.117431
12420, 1.144438
12430, 1.130860
12440, 1.128737
12450, 1.128372
12460, 1.126342
12470, 1.194440
12480, 1.224880
12490, 1.288160
12500, 1.337283
12510, 1.234391
12520, 1.266929
12530, 1.267249
12540, 1.180224
12550, 1.154200
12560, 1.158471
12570, 1.161850
12580, 1.149068
12590, 1.151523
12600, 1.159310
12610, 1.168474
12620, 1.156706
12630, 1.163187
12640, 1.152165
12650, 1.167408
12660, 1.221032
12670, 1.209972
12680, 1.175470
12690, 1.178168
12700, 1.175652
12710, 1.172467
12720, 1.177649
12730, 1.179460
12740, 1.276548
12750, 1.335348
12760, 1.278123
12770, 1.441338
12780, 1.409908
12790, 1.391406
12800, 1.303375
12810, 1.246216
12820, 1.348096
12830, 1.337336
12840, 1.321852
12850, 1.317833
12860, 1.200231
12870, 1.256797
12880, 1.332240
12890, 1.307189
12900, 1.391125
12910, 1.327661
12920, 1.289417
12930, 1.327082
12940, 1.334033
12950, 1.372400
12960, 1.284814
12970, 1.283164
12980, 1.350424
12990, 1.294096
13000, 1.423384
13010, 1.393232
13020, 1.351332
13030, 1.368245
13040, 1.391908
13050, 1.396296
13060, 1.348655
13070, 1.285813
13080, 1.349969
13090, 1.367664
13100, 1.290507
13110, 1.360164
13120, 1.308564
13130, 1.312057
13140, 1.325314
13150, 1.308390
13160, 1.317276
13170, 1.430556
13180, 1.407788
13190, 1.435660
13200, 1.353853
13210, 1.385480
13220, 1.402682
13230, 1.360996
13240, 1.427264
13250, 1.425680
13260, 1.400231
13270, 1.369540
13280, 1.513295
13290, 1.402426
13300, 1.414480
13310, 1.455002
13320, 1.456507
13330, 1.468038
13340, 1.473659
13350, 1.440357
13360, 1.416829
13370, 1.524542
13380, 1.531721
13390, 1.410719
13400, 1.379767
13410, 1.421605
13420, 1.441552
13430, 1.407257
13440, 1.358233
13450, 1.435492
13460, 1.440349
13470, 1.375424
13480, 1.372687
13490, 1.345799
13500, 1.487008
13510, 1.409202
13520, 1.492815
13530, 1.569498
13540, 1.544051
13550, 1.555436
13560, 1.556225
13570, 1.562997
13580, 1.584203
13590, 1.519846
13600, 1.624503
13610, 1.526720
13620, 1.600960
13630, 1.572921
13640, 1.551099
13650, 1.657230
13660, 1.662793
13670, 1.577940
13680, 1.633533
13690, 1.553911
13700, 1.617789
13710, 1.510552
13720, 1.578124
13730, 1.520395
13740, 1.547866
13750, 1.522394
13760, 1.455513
13770, 1.519895
13780, 1.549223
13790, 1.486639
13800, 1.479081
13810, 1.445473
13820, 1.454051
13830, 1.394910
13840, 1.314418
13850, 1.309084
13860, 1.322696
13870, 1.366796
13880, 1.453019
13890, 1.324595
13900, 1.318590
13910, 1.326436
13920, 1.321751
13930, 1.327850
13940, 1.326499
13950, 1.323629
13960, 1.330666
13970, 1.343368
13980, 1.334662
13990, 1.335038
14000, 1.333426
14010, 1.353394
14020, 1.344274
14030, 1.411906
14040, 1.351473
14050, 1.341100
14060, 1.357063
14070, 1.352797
14080, 1.361880
14090, 1.357008
14100, 1.358099
14110, 1.355320
14120, 1.357933
14130, 1.358675
14140, 1.367963
14150, 1.358814
14160, 1.368835
14170, 1.371355
14180, 1.380110
14190, 1.377250
14200, 1.415994
14210, 1.384935
14220, 1.480769
14230, 1.412297
14240, 1.421102
14250, 1.424615
14260, 1.545484
14270, 1.564030
14280, 1.507512
14290, 1.512789
14300, 1.495812
14310, 1.482078
14320, 1.494617
14330, 1.578291
14340, 1.856652
14350, 1.737779
14360, 1.638971
14370, 1.618940
14380, 1.611661
14390, 1.505834
14400, 1.539450
14410, 1.535956
14420, 1.509955
14430, 1.515153
14440, 1.516307
14450, 1.525439
14460, 1.578850
14470, 1.523577
14480, 1.583158
14490, 1.530645
14500, 1.543212
14510, 1.536694
14520, 1.544389
14530, 1.523571
14540, 1.542418
14550, 1.534179
14560, 1.571436
14570, 1.574445
14580, 1.542802
14590, 1.575064
14600, 1.547433
14610, 1.536082
14620, 1.583880
14630, 1.547402
14640, 1.565124
14650, 1.555654
14660, 1.567696
14670, 1.563166
14680, 1.584299
14690, 1.573018
14700, 1.622088
14710, 1.577999
14720, 1.587573
14730, 1.607339
14740, 1.581199
14750, 1.581633
14760, 1.584791
14770, 1.579838
14780, 1.590509
14790, 1.598128
14800, 1.589626
14810, 1.577365
14820, 1.602654
14830, 1.586668
14840, 1.590012
14850, 1.606839
14860, 1.608966
14870, 1.597921
14880, 1.604764
14890, 1.597191
14900, 1.601398
14910, 1.603885
14920, 1.621077
14930, 1.605506
14940, 1.625612
14950, 1.619226
14960, 1.648065
14970, 1.622622
14980, 1.616903
14990, 1.627582
15000, 1.628328
15010, 1.626012
15020, 1.665264
15030, 1.655304
15040, 1.634902
15050, 1.641223
15060, 1.628294
15070, 1.623669
15080, 1.641778
15090, 1.653979
15100, 1.664799
15110, 1.683593
15120, 1.655038
15130, 1.647836
15140, 1.654387
15150, 1.643179
15160, 1.651205
15170, 1.659355
15180, 1.654615
15190, 1.665650
15200, 1.660311
15210, 1.669257
15220, 1.671808
15230, 1.661602
15240, 1.667580
15250, 1.678882
15260, 1.695987
15270, 1.678132
15280, 1.698393
15290, 1.708273
15300, 1.687963
15310, 1.686578
15320, 1.709415
15330, 1.715283
15340, 1.733836
15350, 1.761395
15360, 1.716234
15370, 1.701436
15380, 1.745231
15390, 1.713965
15400, 1.843523
15410, 1.710201
15420, 1.721029
15430, 1.723689
15440, 1.750817
15450, 1.730346
15460, 1.730257
15470, 1.726174
15480, 1.744006
15490, 1.742630
15500, 1.739825
15510, 1.723899
15520, 1.759986
15530, 1.748973
15540, 1.739582
15550, 1.756381
15560, 1.747792
15570, 1.761312
15580, 1.747090
15590, 1.758123
15600, 1.762657
15610, 1.746623
15620, 1.769481
15630, 1.759726
15640, 1.771272
15650, 1.767031
15660, 1.773034
15670, 1.779342
15680, 1.772121
15690, 1.766524
15700, 1.779105
15710, 1.784124
15720, 1.818417
15730, 1.785422
15740, 1.772840
15750, 1.793098
15760, 1.790844
15770, 1.802716
15780, 1.720295
15790, 1.782156
15800, 1.746411
15810, 1.722527
15820, 1.738577
15830, 1.734352
15840, 1.730441
15850, 1.741619
15860, 1.731688
15870, 1.754370
15880, 1.730540
15890, 1.757951
15900, 1.742295
15910, 1.756542
15920, 1.741621
15930, 1.739924
15940, 1.746357
15950, 1.752385
15960, 1.752531
15970, 1.864243
15980, 1.864605
15990, 1.868327
16000, 1.845652
16010, 1.898846
16020, 1.843842
16030, 1.856076
16040, 1.862731
16050, 1.871042
16060, 1.868766
16070, 1.865984
16080, 1.869919
16090, 1.868434
16100, 1.908295
16110, 1.889995
16120, 1.882707
16130, 1.888322
16140, 1.926167
16150, 1.888068
16160, 1.884257
16170, 1.891051
16180, 1.894916
16190, 1.903474
16200, 1.881326
16210, 1.904609
16220, 1.906197
16230, 1.896449
16240, 1.900389
16250, 1.911257
16260, 1.913107
16270, 1.913125
16280, 1.912056
16290, 1.904879
16300, 1.920269
16310, 1.925217
16320, 1.927100
16330, 1.929187
16340, 1.926638
16350, 1.947315
16360, 1.951645
16370, 1.935555
16380, 1.943495
16390, 1.949876
16400, 1.953009
16410, 1.936375
16420, 1.931104
16430, 1.932444
16440, 1.946549
16450, 1.956079
16460, 1.956294
16470, 1.960911
16480, 1.945135
16490, 1.977240
16500, 1.967369
16510, 1.969788
16520, 1.991672
16530, 2.034111
16540, 1.995643
16550, 1.972426
16560, 2.006761
16570, 2.009808
16580, 2.005654
16590, 2.017659
16600, 2.023575
16610, 1.975708
16620, 2.089983
16630, 2.022902
16640, 1.987947
16650, 1.990563
16660, 2.009552
16670, 1.982693
16680, 1.998221
16690, 2.007293
16700, 2.010998
16710, 2.012632
16720, 2.018377
16730, 2.035287
16740, 2.026539
16750, 2.056607
16760, 2.033033
16770, 2.031272
16780, 2.039453
16790, 2.028257
16800, 2.041168
16810, 2.031591
16820, 2.036363
16830, 2.047916
16840, 2.061581
16850, 2.045261
16860, 2.070896
16870, 2.071887
16880, 2.061672
16890, 2.074713
16900, 2.068587
16910, 2.050872
16920, 2.054251
16930, 2.067341
16940, 2.064796
16950, 2.070681
16960, 2.076789
16970, 2.066692
16980, 2.076987
16990, 2.090829
17000, 2.096752
17010, 2.082529
17020, 2.084590
17030, 2.094267
17040, 2.131851
17050, 2.121444
17060, 2.103570
17070, 2.110188
17080, 2.106595
17090, 2.111908
17100, 2.130639
17110, 2.128166
17120, 2.112905
17130, 2.115442
17140, 2.112942
17150, 2.122168
17160, 2.141820
17170, 2.156307
17180, 2.135549
17190, 2.128717
17200, 2.144781
17210, 2.145282
17220, 2.162141
17230, 2.140596
17240, 2.168522
17250, 2.165049
17260, 2.161012
17270, 2.150944
17280, 2.148513
17290, 2.156911
17300, 2.158147
17310, 2.162594
17320, 2.155197
17330, 2.363130
17340, 2.312197
17350, 2.261007
17360, 2.511149
17370, 2.291801
17380, 2.395579
17390, 2.740240
17400, 2.405909
17410, 2.450145
17420, 2.435499
17430, 2.204719
17440, 2.189951
17450, 2.225554
17460, 2.213695
17470, 2.213820
17480, 2.202971
17490, 2.209198
17500, 2.201823
17510, 2.218100
17520, 2.219785
17530, 2.273151
17540, 2.793609
17550, 2.573762
17560, 2.226182
17570, 2.273760
17580, 2.242886
17590, 2.240539
17600, 2.260475
17610, 2.258281
17620, 2.258227
17630, 2.250349
17640, 2.252049
17650, 2.529417
17660, 2.634054
17670, 2.158980
17680, 2.150413
17690, 2.135668
17700, 2.150654
17710, 2.142310
17720, 2.143664
17730, 2.149845
17740, 2.170709
17750, 2.151855
17760, 2.150912
17770, 2.156956
17780, 2.166609
17790, 2.164534
17800, 2.163824
17810, 2.175029
17820, 2.175133
17830, 2.184399
17840, 2.178290
17850, 2.182361
17860, 2.197769
17870, 2.183833
17880, 2.185059
17890, 2.187323
17900, 2.193203
17910, 2.196369
17920, 2.193806
17930, 2.198554
17940, 2.206073
17950, 2.208473
17960, 2.363145
17970, 2.622756
17980, 2.365854
17990, 2.318914
18000, 2.375346
18010, 2.347442
18020, 2.341236
18030, 2.351406
18040, 2.380981
18050, 2.386717
18060, 2.346273
18070, 2.376707
18080, 2.357371
18090, 2.406568
18100, 2.376364
18110, 2.380809
18120, 2.383723
18130, 2.376045
18140, 2.386436
18150, 2.374264
18160, 2.369091
18170, 2.387609
18180, 2.376562
18190, 2.378056
18200, 2.405741
18210, 2.395251
18220, 2.406863
18230, 2.434502
18240, 2.391878
18250, 2.409573
18260, 2.419395
18270, 2.438413
18280, 2.446321
18290, 2.430829
18300, 2.444404
18310, 2.424840
18320, 2.419998
18330, 2.426607
18340, 2.430695
18350, 2.428900
18360, 2.420499
18370, 2.448832
18380, 2.445977
18390, 2.456458
18400, 2.454852
18410, 2.442934
18420, 2.472328
18430, 2.461910
18440, 2.463028
18450, 2.472858
18460, 2.456184
18470, 2.470439
18480, 2.488588
18490, 2.477701
18500, 2.462118
18510, 2.493360
18520, 2.477608
18530, 2.491066
18540, 2.474415
18550, 2.476846
18560, 2.479837
18570, 2.532916
18580, 2.601440
18590, 2.565778
18600, 2.487726
18610, 2.512856
18620, 2.572977
18630, 2.529382
18640, 2.537888
18650, 2.525287
18660, 2.504676
18670, 2.524570
18680, 2.523774
18690, 2.589068
18700, 2.553334
18710, 2.551136
18720, 2.555542
18730, 2.527261
18740, 2.564237
18750, 3.006207
18760, 2.639746
18770, 2.940255
18780, 2.840661
18790, 3.104847
18800, 2.999594
18810, 3.044907
18820, 3.108696
18830, 2.954678
18840, 3.110814
18850, 3.038186
18860, 2.974394
18870, 3.018246
18880, 3.071401
18890, 2.791255
18900, 2.758844
18910, 2.572725
18920, 2.618565
18930, 2.862627
18940, 2.615170
18950, 2.615551
18960, 2.635763
18970, 2.463470
18980, 2.470209
18990, 2.460912
19000, 2.509210
19010, 2.474019
19020, 2.475305
19030, 2.487307
19040, 2.480931
19050, 2.479249
19060, 2.485134
19070, 2.491454
19080, 2.506626
19090, 2.498801
19100, 2.582535
19110, 2.507819
19120, 2.581956
19130, 2.742964
19140, 2.644870
19150, 2.688063
19160, 2.786605
19170, 2.726849
19180, 2.699008
19190, 2.642357
19200, 2.889856
19210, 3.330558
19220, 3.287549
19230, 3.169121
19240, 3.375399
19250, 3.277162
19260, 2.789852
19270, 2.892661
19280, 2.721198
19290, 2.861897
19300, 2.763497
19310, 2.824548
19320, 2.765344
19330, 2.834175
19340, 2.810516
19350, 2.768931
19360, 2.785328
19370, 2.760322
19380, 2.748808
19390, 2.831944
19400, 2.801194
19410, 2.807058
19420, 2.840810
19430, 2.807230
19440, 2.777780
19450, 2.822291
19460, 2.779944
19470, 2.787790
19480, 2.786731
19490, 2.792477
19500, 2.788348
19510, 2.955468
19520, 3.067698
19530, 2.742253
19540, 2.708301
19550, 2.706796
19560, 2.697300
19570, 2.766401
19580, 2.847683
19590, 2.864771
19600, 2.732320
19610, 2.771687
19620, 2.770971
19630, 2.773717
19640, 2.818558
19650, 2.855861
19660, 2.785629
19670, 2.729589
19680, 2.881854
19690, 2.705966
19700, 2.760717
19710, 2.802505
19720, 2.752800
19730, 2.799343
19740, 2.860728
19750, 2.751593
19760, 2.706917
19770, 2.779278
19780, 2.763220
19790, 3.018686
19800, 3.252987
19810, 3.010639
19820, 3.021341
19830, 2.860249
19840, 2.775430
19850, 2.723361
19860, 2.713369
19870, 2.714175
19880, 2.805015
19890, 2.850016
19900, 2.769262
19910, 2.757079
19920, 2.750683
19930, 2.749945
19940, 2.815001
19950, 2.840082
19960, 2.870578
19970, 3.060098
19980, 2.970750
19990, 3.078391
20000, 3.268521
20010, 3.432791
20020, 3.231733
20030, 2.938340
20040, 2.868763
20050, 2.869307
20060, 2.916152
20070, 2.840692
20080, 2.824421
20090, 2.803163
20100, 2.825211
20110, 2.897899
20120, 2.850987
20130, 2.924018
20140, 2.890788
20150, 2.847122
20160, 2.823683
20170, 2.835472
20180, 2.986390
20190, 2.878067
20200, 2.884409
20210, 2.978638
20220, 3.013354
20230, 2.975509
20240, 2.968141
20250, 3.294398
20260, 3.260570
20270, 3.173671
20280, 3.239866
20290, 3.012023
20300, 3.057489
20310, 3.177379
20320, 3.038866
20330, 3.111017
20340, 3.337558
20350, 3.034131
20360, 2.954657
20370, 3.231069
20380, 3.162991
20390, 3.518728
20400, 2.932556
20410, 3.168612
20420, 3.048778
20430, 2.971119
20440, 2.950884
20450, 3.066040
20460, 2.996124
20470, 3.139777
20480, 3.314542
20490, 3.039230
20500, 2.949920
20510, 3.138200
20520, 2.981549
20530, 3.561165
20540, 3.368289
20550, 3.273282
20560, 3.389611
20570, 3.218349
20580, 3.515599
20590, 3.652289
20600, 3.491469
20610, 3.360985
20620, 3.600064
20630, 3.484845
20640, 2.931615
20650, 3.097951
20660, 3.013659
20670, 2.986413
20680, 3.045938
20690, 3.248965
20700, 3.314372
20710, 3.658086
20720, 3.653752
20730, 3.822754
20740, 3.758980
20750, 3.721118
20760, 3.431622
20770, 3.039590
20780, 3.006697
20790, 3.011596
20800, 3.083284
20810, 3.301750
20820, 3.326711
20830, 4.134554
20840, 3.828248
20850, 3.416884
20860, 3.777663
20870, 3.846923
20880, 3.565400
20890, 3.478149
20900, 3.396477
20910, 3.428228
20920, 4.138627
20930, 3.939462
20940, 3.690867
20950, 3.989247
20960, 3.830765
20970, 3.738505
20980, 4.196537
20990, 3.885055
21000, 3.736575
21010, 4.075840
21020, 3.660430
21030, 3.689266
21040, 3.813294
21050, 3.686623
21060, 3.932889
21070, 3.488606
21080, 3.044798
21090, 3.054073
21100, 3.041086
21110, 3.055366
21120, 3.060982
21130, 3.050506
21140, 3.065402
21150, 3.056450
21160, 3.054199
21170, 3.058755
21180, 3.075884
21190, 3.085505
21200, 3.071973
21210, 3.088957
21220, 3.085040
21230, 3.079660
21240, 3.085725
21250, 3.087594
21260, 3.211574
21270, 3.183702
21280, 3.091849
21290, 3.096331
21300, 3.124087
21310, 3.155764
21320, 3.344423
21330, 3.386193
21340, 3.424947
21350, 3.732243
21360, 4.015259
21370, 3.671113
21380, 3.941541
21390, 3.974111
21400, 4.210171
21410, 3.985148
21420, 3.687014
21430, 4.151961
21440, 4.326940
21450, 4.101827
21460, 4.160749
21470, 4.437687
21480, 4.193913
21490, 4.023932
21500, 3.907839
21510, 3.548875
21520, 3.677541
21530, 3.583186
21540, 3.450015
21550, 3.171315
21560, 3.259721
21570, 3.202337
21580, 3.188299
21590, 3.189355
21600, 3.200576
21610, 3.193769
21620, 3.208104
21630, 3.204268
21640, 3.206360
21650, 3.191008
21660, 3.206973
21670, 3.227716
21680, 3.206050
21690, 3.226061
21700, 3.217572
21710, 3.234820
21720, 3.210134
21730, 3.231225
21740, 3.229461
21750, 3.264388
21760, 3.247135
21770, 3.313560
21780, 3.241205
21790, 3.244686
21800, 3.238870
21810, 3.245287
21820, 3.239660
21830, 3.260354
21840, 3.269787
21850, 3.263389
21860, 3.421925
21870, 3.262582
21880, 3.280234
21890, 3.296207
21900, 3.267729
21910, 3.334834
21920, 3.286863
21930, 3.295858
21940, 3.284937
21950, 3.299511
21960, 3.309992
21970, 3.302234
21980, 3.296600
21990, 3.312536
22000, 3.305810
22010, 3.311547
22020, 3.324370
22030, 3.312005
22040, 3.346388
22050, 3.320260
22060, 3.329498
22070, 3.347846
22080, 3.310395
22090, 3.331425
22100, 3.337347
22110, 3.366732
22120, 3.710156
22130, 3.848952
22140, 3.830447
22150, 3.640065
22160, 3.619022
22170, 3.744541
22180, 4.271147
22190, 4.231639
22200, 4.008792
22210, 4.069286
22220, 4.527618
22230, 4.753038
22240, 4.396469
22250, 4.222441
22260, 4.319561
22270, 3.944210
22280, 3.750289
22290, 3.740964
22300, 3.742862
22310, 3.674854
22320, 3.666057
22330, 3.706255
22340, 3.823896
22350, 3.980455
22360, 3.751324
22370, 3.975641
22380, 3.948550
22390, 3.758635
22400, 3.742930
22410, 3.790456
22420, 3.740206
22430, 3.693024
22440, 3.708557
22450, 3.770314
22460, 3.855581
22470, 3.742947
22480, 3.850746
22490, 3.811530
22500, 3.770829
22510, 3.795633
22520, 3.730793
22530, 3.737177
22540, 3.766120
22550, 3.760658
22560, 3.923439
22570, 3.828420
22580, 3.789961
22590, 3.763022
22600, 3.845688
22610, 3.800861
22620, 3.832735
22630, 3.860092
22640, 3.775476
22650, 3.851727
22660, 3.822645
22670, 3.826933
22680, 3.826148
22690, 3.930609
22700, 3.824859
22710, 3.875912
22720, 3.872119
22730, 3.841393
22740, 3.801008
22750, 3.869088
22760, 3.792101
22770, 3.879214
22780, 3.847876
22790, 3.886950
22800, 3.862347
22810, 3.912703
22820, 4.001934
22830, 3.994473
22840, 3.934949
22850, 4.067822
22860, 3.940498
22870, 3.916678
22880, 3.883449
22890, 3.856918
22900, 3.867930
22910, 3.912595
22920, 3.990404
22930, 3.908343
22940, 3.890928
22950, 3.973117
22960, 3.948064
22970, 3.981246
22980, 3.942786
22990, 4.124321
23000, 3.938408
23010, 3.989056
23020, 3.987003
23030, 4.160688
23040, 3.925771
23050, 3.963734
23060, 4.073839
23070, 4.014935
23080, 3.977872
23090, 3.920632
23100, 4.004059
23110, 3.991105
23120, 3.952084
23130, 4.098626
23140, 4.020969
23150, 4.030869
23160, 3.956381
23170, 3.943624
23180, 3.991321
23190, 4.000890
23200, 3.983510
23210, 4.057565
23220, 4.071877
23230, 4.106952
23240, 4.426528
23250, 5.033520
23260, 4.900684
23270, 4.043185
23280, 3.901683
23290, 4.101329
23300, 3.880666
23310, 3.892420
23320, 3.811034
23330, 4.173587
23340, 4.549203
23350, 4.052886
23360, 4.095492
23370, 4.059544
23380, 4.106529
23390, 4.153492
23400, 4.117793
23410, 4.082755
23420, 4.327073
23430, 4.236790
23440, 4.155914
23450, 4.152940
23460, 4.138443
23470, 3.984560
23480, 4.159544
23490, 4.078474
23500, 3.889882
23510, 3.921474
23520, 3.895821
23530, 3.902728
23540, 3.846238
23550, 3.945195
23560, 4.526290
23570, 4.521591
23580, 4.507656
23590, 4.729830
23600, 4.626675
23610, 4.921995
23620, 4.720962
23630, 4.638320
23640, 4.725582
23650, 4.875036
23660, 4.454474
23670, 4.201014
23680, 4.232434
23690, 4.639558
23700, 4.869059
23710, 4.634692
23720, 4.974084
23730, 4.730693
23740, 4.468667
23750, 4.923093
23760, 4.498711
23770, 4.599884
23780, 4.376802
23790, 5.229578
23800, 4.838399
23810, 4.363204
23820, 4.366973
23830, 4.749771
23840, 4.347219
23850, 4.378095
23860, 4.551836
23870, 4.359129
23880, 4.387031
23890, 4.775541
23900, 4.010491
23910, 3.970223
23920, 3.994678
23930, 3.965687
23940, 4.041285
23950, 3.962300
23960, 3.970406
23970, 3.974837
23980, 4.020522
23990, 4.184529
24000, 4.504782
24010, 4.126086
24020, 4.186263
24030, 4.309832
24040, 4.101483
24050, 4.461405
24060, 4.339025
24070, 4.177503
24080, 4.105343
24090, 4.376391
24100, 4.300001
24110, 4.380634
24120, 4.334712
24130, 4.614854
24140, 4.320519
24150, 4.438698
24160, 4.798874
24170, 4.790956
24180, 4.484512
24190, 4.490141
24200, 4.455846
24210, 4.599976
24220, 4.425360
24230, 4.362555
24240, 4.402064
24250, 4.350878
24260, 4.642114
24270, 4.397630
24280, 4.541855
24290, 4.620126
24300, 4.436643
24310, 4.462083
24320, 4.497442
24330, 4.261945
24340, 4.344877
24350, 4.283617
24360, 4.415912
24370, 4.300220
24380, 5.222315
24390, 6.009401
24400, 6.283430
24410, 6.295489
24420, 5.151375
24430, 5.420489
24440, 4.994037
24450, 4.947207
24460, 5.261368
24470, 4.988882
24480, 4.193868
24490, 4.095576
24500, 4.106899
24510, 4.162244
24520, 4.169079
24530, 4.112418
24540, 4.116694
24550, 4.121438
24560, 4.157571
24570, 4.206802
24580, 4.230109
24590, 4.214920
24600, 4.239764
24610, 4.253008
24620, 4.266178
24630, 4.216634
24640, 4.233727
24650, 4.228457
24660, 4.234085
24670, 4.226839
24680, 4.271315
24690, 4.252377
24700, 4.267909
24710, 4.274577
24720, 4.284285
24730, 4.297448
24740, 4.320419
24750, 4.286672
24760, 4.309118
24770, 4.292063
24780, 4.388329
24790, 4.444064
24800, 4.266814
24810, 4.277769
24820, 4.303983
24830, 4.270050
24840, 4.255078
24850, 4.254069
24860, 4.249268
24870, 4.252340
24880, 4.248335
24890, 4.258453
24900, 4.367260
24910, 4.287102
24920, 4.305986
24930, 4.266630
24940, 4.463993
24950, 5.065959
24960, 4.918987
24970, 4.687776
24980, 4.583569
24990, 4.793139
25000, 4.717335
25010, 5.354906
25020, 4.961139
25030, 5.133420
25040, 4.787932
25050, 4.969620
25060, 4.883952
25070, 4.826488
25080, 4.994498
25090, 4.929325
25100, 4.390979
25110, 4.304313
25120, 4.302318
25130, 4.793371
25140, 5.419476
25150, 4.885207
25160, 4.898142
25170, 4.767288
25180, 4.819519
25190, 4.799689
25200, 4.824061
25210, 4.726407
25220, 4.727359
25230, 4.788799
25240, 4.710007
25250, 4.723152
25260, 4.725444
25270, 4.704344
25280, 4.895325
25290, 4.850828
25300, 4.883404
25310, 4.813779
25320, 5.023321
25330, 4.747974
25340, 4.808812
25350, 4.795676
25360, 4.816243
25370, 4.870349
25380, 5.104979
25390, 4.784160
25400, 4.825294
25410, 4.817393
25420, 4.797141
25430, 4.957132
25440, 4.866072
25450, 4.700169
25460, 4.684525
25470, 4.716519
25480, 4.755347
25490, 4.708230
25500, 4.725558
25510, 4.771120
25520, 4.735771
25530, 4.765845
25540, 4.768970
25550, 4.917082
25560, 4.832884
25570, 4.852361
25580, 4.831227
25590, 4.840250
25600, 4.848970
25610, 4.998253
25620, 5.060325
25630, 4.652333
25640, 4.982175
25650, 4.624409
25660, 4.795803
25670, 4.925806
25680, 4.685781
25690, 4.691200
25700, 4.820474
25710, 4.692420
25720, 4.696156
25730, 5.081923
25740, 4.802842
25750, 5.358807
25760, 5.993071
25770, 5.299985
25780, 5.393320
25790, 5.329199
25800, 5.901618
25810, 5.720888
25820, 5.180094
25830, 5.475958
25840, 5.181513
25850, 5.355465
25860, 5.912709
25870, 5.733727
25880, 6.144181
25890, 5.209486
25900, 5.178610
25910, 5.511290
25920, 6.414764
25930, 5.744061
25940, 5.378108
25950, 5.606347
25960, 5.226222
25970, 5.419018
25980, 5.563209
25990, 6.243746
26000, 5.195171
26010, 5.312321
26020, 5.252639
26030, 5.256056
26040, 6.071797
26050, 5.947863
26060, 5.395345
26070, 5.786764
26080, 5.156837
26090, 5.283229
26100, 5.427757
26110, 5.081480
26120, 5.127839
26130, 5.322567
26140, 5.368578
26150, 5.194314
26160, 5.166867
26170, 5.178837
26180, 5.563902
26190, 5.930854
26200, 5.805526
26210, 5.765445
26220, 5.828375
26230, 5.744749
26240, 4.788649
26250, 5.256081
26260, 5.153023
26270, 5.497799
26280, 5.516087
26290, 5.246489
26300, 4.983377
26310, 5.247029
26320, 5.715153
26330, 5.440340
26340, 5.013499
26350, 5.320309
26360, 6.209475
26370, 6.432895
26380, 6.477083
26390, 6.447675
26400, 5.305912
26410, 5.740241
26420, 5.344609
26430, 5.495922
26440, 5.236447
26450, 5.121455
26460, 5.301480
26470, 4.821507
26480, 4.798949
26490, 4.780998
26500, 4.780113
26510, 4.791656
26520, 4.822173
26530, 4.812200
26540, 4.804370
26550, 4.814502
26560, 4.806527
26570, 4.838907
26580, 4.809473
26590, 4.811656
26600, 4.827075
26610, 4.832428
26620, 4.823539
26630, 4.846974
26640, 4.837209
26650, 4.837666
26660, 4.846889
26670, 4.834069
26680, 4.855598
26690, 4.849606
26700, 4.855506
26710, 4.843998
26720, 4.864395
26730, 4.881000
26740, 4.878626
26750, 4.888412
26760, 4.887142
26770, 4.879013
26780, 4.873901
26790, 4.913650
26800, 4.898142
26810, 4.889162
26820, 4.902105
26830, 4.918577
26840, 4.975814
26850, 4.917454
26860, 4.933364
26870, 4.922518
26880, 5.164807
26890, 5.350738
26900, 5.356456
26910, 5.605942
26920, 4.929366
26930, 4.942593
26940, 5.105237
26950, 5.036646
26960, 5.089573
26970, 4.962935
26980, 4.953175
26990, 4.950523
27000, 4.957648
27010, 4.956664
27020, 4.973090
27030, 4.971168
27040, 4.965556
27050, 5.017185
27060, 4.966293
27070, 4.981460
27080, 4.989651
27090, 4.990429
27100, 5.012175
27110, 4.987675
27120, 5.001917
27130, 4.999777
27140, 5.004513
27150, 5.017183
27160, 5.021885
27170, 5.031457
27180, 5.040756
27190, 5.022564
27200, 5.028570
27210, 5.044633
27220, 5.040569
27230, 5.044612
27240, 5.049223
27250, 5.055287
27260, 5.063344
27270, 5.089082
27280, 5.050230
27290, 5.063739
27300, 5.062463
27310, 5.066540
27320, 5.075425
27330, 5.071690
27340, 5.080765
27350, 5.085591
27360, 5.089798
27370, 5.098442
27380, 5.121763
27390, 5.093977
27400, 5.106382
27410, 5.113454
27420, 5.116951
27430, 5.123430
27440, 5.115871
27450, 5.120196
27460, 5.130566
27470, 5.128914
27480, 5.118311
27490, 5.145210
27500, 5.131326
27510, 5.145714
27520, 5.147253
27530, 5.149330
27540, 5.151741
27550, 5.180680
27560, 5.166921
27570, 5.174246
27580, 5.180894
27590, 5.178381
27600, 5.167535
27610, 5.198292
27620, 5.187151
27630, 5.182451
27640, 5.204281
27650, 5.192307
27660, 5.220828
27670, 5.205403
27680, 5.217134
27690, 5.227359
27700, 5.219023
27710, 5.220125
27720, 5.227661
27730, 5.234043
27740, 5.219432
27750, 5.235135
27760, 5.248647
27770, 5.234842
27780, 5.241057
27790, 5.230594
27800, 5.245375
27810, 5.256765
27820, 5.250091
27830, 5.275275
27840, 5.269042
27850, 5.281028
27860, 5.276929
27870, 5.296782
27880, 5.271484
27890, 5.317398
27900, 5.295827
27910, 5.334227
27920, 5.290171
27930, 5.309950
27940, 5.320234
27950, 5.313337
27960, 5.306250
27970, 5.316711
27980, 5.319026
27990, 5.329121
28000, 5.329519
28010, 5.347360
28020, 5.341531
28030, 5.346510
28040, 5.363748
28050, 5.346520
28060, 5.350345
28070, 5.347619
28080, 5.357963
28090, 5.370157
28100, 5.378997
28110, 5.371688
28120, 5.368627
28130, 5.384808
28140, 5.382307
28150, 5.381557
28160, 5.412320
28170, 5.386447
28180, 5.389953
28190, 5.409240
28200, 5.407907
28210, 5.411928
28220, 5.420084
28230, 5.408440
28240, 5.418154
28250, 5.404242
28260, 5.437691
28270, 5.413474
28280, 5.444516
28290, 5.437066
28300, 5.442248
28310, 5.446317
28320, 5.456990
28330, 5.466975
28340, 5.475202
28350, 5.453913
28360, 5.480201
28370, 5.480947
28380, 5.468951
28390, 5.488447
28400, 5.494220
28410, 5.487329
28420, 5.482788
28430, 5.509337
28440, 5.493365
28450, 5.508089
28460, 5.511362
28470, 5.512895
28480, 5.519878
28490, 5.510926
28500, 5.543919
28510, 5.532266
28520, 5.540680
28530, 5.538448
28540, 5.537001
28550, 5.539866
28560, 5.546666
28570, 5.553629
28580, 5.556244
28590, 5.566016
28600, 5.605838
28610, 5.555295
28620, 5.562670
28630, 5.584806
28640, 5.589285
28650, 5.567390
28660, 5.569101
28670, 5.588153
28680, 5.645579
28690, 5.614157
28700, 5.586713
28710, 5.610322
28720, 5.595350
28730, 5.611708
28740, 5.612420
28750, 5.618254
28760, 5.624557
28770, 5.625530
28780, 5.626143
28790, 5.622981
28800, 5.636002
28810, 5.647063
28820, 5.643283
28830, 5.688106
28840, 5.638696
28850, 5.659417
288