10, 0.000000
20, 0.000000
30, 0.000000
40, 0.000000
50, 0.000000
60, 0.000063
70, 0.000078
80, 0.000017
90, 0.000019
100, 0.000000
110, 0.000000
120, 0.000105
130, 0.000148
140, 0.000157
150, 0.000038
160, 0.000145
170, 0.000262
180, 0.000230
190, 0.000061
200, 0.000212
210, 0.000000
220, 0.000138
230, 0.000266
240, 0.000280
250, 0.000302
260, 0.000321
270, 0.000314
280, 0.000374
290, 0.000333
300, 0.000354
310, 0.000373
320, 0.000361
330, 0.000480
340, 0.000408
350, 0.000476
360, 0.000441
370, 0.000429
380, 0.000466
390, 0.000459
400, 0.000518
410, 0.000543
420, 0.000509
430, 0.000595
440, 0.000369
450, 0.000544
460, 0.000415
470, 0.000579
480, 0.000558
490, 0.000590
500, 0.000470
510, 0.000661
520, 0.000637
530, 0.000662
540, 0.000685
550, 0.000643
560, 0.000767
570, 0.000725
580, 0.000670
590, 0.000751
600, 0.000691
610, 0.000799
620, 0.000838
630, 0.000799
640, 0.000792
650, 0.000791
660, 0.000725
670, 0.000856
680, 0.000850
690, 0.000643
700, 0.000892
710, 0.000802
720, 0.000921
730, 0.000830
740, 0.000938
750, 0.000936
760, 0.000831
770, 0.000955
780, 0.000981
790, 0.000984
800, 0.001241
810, 0.001077
820, 0.001023
830, 0.001090
840, 0.001084
850, 0.001068
860, 0.000859
870, 0.001114
880, 0.001097
890, 0.001124
900, 0.001151
910, 0.001154
920, 0.001194
930, 0.001277
940, 0.001246
950, 0.001279
960, 0.001311
970, 0.001133
980, 0.001421
990, 0.001442
1000, 0.001366
1010, 0.001359
1020, 0.001488
1030, 0.001547
1040, 0.001350
1050, 0.001440
1060, 0.001411
1070, 0.001390
1080, 0.001756
1090, 0.001846
1100, 0.001767
1110, 0.001814
1120, 0.001506
1130, 0.001584
1140, 0.001429
1150, 0.001556
1160, 0.001597
1170, 0.001624
1180, 0.002017
1190, 0.002073
1200, 0.002006
1210, 0.001961
1220, 0.002061
1230, 0.001836
1240, 0.001668
1250, 0.001993
1260, 0.001856
1270, 0.001803
1280, 0.001806
1290, 0.001984
1300, 0.001805
1310, 0.001726
1320, 0.001802
1330, 0.001881
1340, 0.001763
1350, 0.001829
1360, 0.001859
1370, 0.001894
1380, 0.002006
1390, 0.001922
1400, 0.001927
1410, 0.001955
1420, 0.001960
1430, 0.001903
1440, 0.002074
1450, 0.002204
1460, 0.002490
1470, 0.001969
1480, 0.002070
1490, 0.001963
1500, 0.002045
1510, 0.002097
1520, 0.002089
1530, 0.002014
1540, 0.002113
1550, 0.002141
1560, 0.002129
1570, 0.001864
1580, 0.002308
1590, 0.002072
1600, 0.002242
1610, 0.001968
1620, 0.002389
1630, 0.001930
1640, 0.002716
1650, 0.002451
1660, 0.002446
1670, 0.002100
1680, 0.002631
1690, 0.002788
1700, 0.002776
1710, 0.002592
1720, 0.002544
1730, 0.002484
1740, 0.002772
1750, 0.002512
1760, 0.002434
1770, 0.002531
1780, 0.002418
1790, 0.002477
1800, 0.002550
1810, 0.002186
1820, 0.002530
1830, 0.002495
1840, 0.002553
1850, 0.002734
1860, 0.002661
1870, 0.002620
1880, 0.002605
1890, 0.002708
1900, 0.002622
1910, 0.002919
1920, 0.002850
1930, 0.002740
1940, 0.002660
1950, 0.002846
1960, 0.002819
1970, 0.002834
1980, 0.002658
1990, 0.002866
2000, 0.002765
2010, 0.002738
2020, 0.002554
2030, 0.002958
2040, 0.002866
2050, 0.002819
2060, 0.002863
2070, 0.002892
2080, 0.002891
2090, 0.002975
2100, 0.003057
2110, 0.002990
2120, 0.003474
2130, 0.002951
2140, 0.003088
2150, 0.003495
2160, 0.003082
2170, 0.002963
2180, 0.002959
2190, 0.003014
2200, 0.003081
2210, 0.003083
2220, 0.003100
2230, 0.003173
2240, 0.003553
2250, 0.003186
2260, 0.003170
2270, 0.003186
2280, 0.003292
2290, 0.003142
2300, 0.003232
2310, 0.003285
2320, 0.003272
2330, 0.003211
2340, 0.003483
2350, 0.003394
2360, 0.003279
2370, 0.003269
2380, 0.003292
2390, 0.003335
2400, 0.003310
2410, 0.003357
2420, 0.003475
2430, 0.003422
2440, 0.003636
2450, 0.003518
2460, 0.003491
2470, 0.003520
2480, 0.003435
2490, 0.003871
2500, 0.003537
2510, 0.003593
2520, 0.003588
2530, 0.003781
2540, 0.003735
2550, 0.003542
2560, 0.003744
2570, 0.003723
2580, 0.003960
2590, 0.003724
2600, 0.004178
2610, 0.003872
2620, 0.004109
2630, 0.003649
2640, 0.003855
2650, 0.003906
2660, 0.003956
2670, 0.004414
2680, 0.003603
2690, 0.004816
2700, 0.004203
2710, 0.004157
2720, 0.004032
2730, 0.004641
2740, 0.004775
2750, 0.004214
2760, 0.004491
2770, 0.004712
2780, 0.004939
2790, 0.004058
2800, 0.004367
2810, 0.004323
2820, 0.003897
2830, 0.004675
2840, 0.004261
2850, 0.004263
2860, 0.004159
2870, 0.004115
2880, 0.003903
2890, 0.004241
2900, 0.004483
2910, 0.004291
2920, 0.004329
2930, 0.004230
2940, 0.004527
2950, 0.004289
2960, 0.004695
2970, 0.004767
2980, 0.005116
2990, 0.004613
3000, 0.004442
3010, 0.004989
3020, 0.003798
3030, 0.004125
3040, 0.004670
3050, 0.004655
3060, 0.003836
3070, 0.004543
3080, 0.004420
3090, 0.004398
3100, 0.005751
3110, 0.005306
3120, 0.004857
3130, 0.004771
3140, 0.004902
3150, 0.005106
3160, 0.005094
3170, 0.004828
3180, 0.004939
3190, 0.004872
3200, 0.004849
3210, 0.004939
3220, 0.004992
3230, 0.005233
3240, 0.005268
3250, 0.005327
3260, 0.005053
3270, 0.005097
3280, 0.005365
3290, 0.004668
3300, 0.004636
3310, 0.004704
3320, 0.005084
3330, 0.004711
3340, 0.004701
3350, 0.004918
3360, 0.004775
3370, 0.004834
3380, 0.004752
3390, 0.004354
3400, 0.005223
3410, 0.005373
3420, 0.005982
3430, 0.005381
3440, 0.005502
3450, 0.005539
3460, 0.005156
3470, 0.005473
3480, 0.005266
3490, 0.004977
3500, 0.005301
3510, 0.004906
3520, 0.005418
3530, 0.005787
3540, 0.004598
3550, 0.005171
3560, 0.006157
3570, 0.005566
3580, 0.005652
3590, 0.005167
3600, 0.005512
3610, 0.005257
3620, 0.005610
3630, 0.005759
3640, 0.005454
3650, 0.005678
3660, 0.004882
3670, 0.005180
3680, 0.005983
3690, 0.005599
3700, 0.005975
3710, 0.006629
3720, 0.007609
3730, 0.006583
3740, 0.007237
3750, 0.007235
3760, 0.006952
3770, 0.008750
3780, 0.008441
3790, 0.005772
3800, 0.006598
3810, 0.005488
3820, 0.007266
3830, 0.007788
3840, 0.006577
3850, 0.005689
3860, 0.006030
3870, 0.006643
3880, 0.007040
3890, 0.007222
3900, 0.006238
3910, 0.005906
3920, 0.006255
3930, 0.006522
3940, 0.005384
3950, 0.005999
3960, 0.006039
3970, 0.006327
3980, 0.006008
3990, 0.006059
4000, 0.006019
4010, 0.006074
4020, 0.005994
4030, 0.006255
4040, 0.006024
4050, 0.006116
4060, 0.005951
4070, 0.006367
4080, 0.006244
4090, 0.006158
4100, 0.006115
4110, 0.006097
4120, 0.006064
4130, 0.006018
4140, 0.004680
4150, 0.006538
4160, 0.006332
4170, 0.006452
4180, 0.006552
4190, 0.007259
4200, 0.006559
4210, 0.005906
4220, 0.006280
4230, 0.006358
4240, 0.006906
4250, 0.006476
4260, 0.006484
4270, 0.006228
4280, 0.005916
4290, 0.005232
4300, 0.006310
4310, 0.006815
4320, 0.006584
4330, 0.006526
4340, 0.006677
4350, 0.006178
4360, 0.006723
4370, 0.006693
4380, 0.006109
4390, 0.006731
4400, 0.007074
4410, 0.006720
4420, 0.006854
4430, 0.006651
4440, 0.006672
4450, 0.007110
4460, 0.006911
4470, 0.006728
4480, 0.007129
4490, 0.006738
4500, 0.006882
4510, 0.005918
4520, 0.006679
4530, 0.007125
4540, 0.006893
4550, 0.007133
4560, 0.007087
4570, 0.007148
4580, 0.006717
4590, 0.007194
4600, 0.006856
4610, 0.007555
4620, 0.006962
4630, 0.006887
4640, 0.007371
4650, 0.007319
4660, 0.008418
4670, 0.008713
4680, 0.006184
4690, 0.007169
4700, 0.006960
4710, 0.007108
4720, 0.007225
4730, 0.007456
4740, 0.007405
4750, 0.006191
4760, 0.007283
4770, 0.007529
4780, 0.007551
4790, 0.007041
4800, 0.007233
4810, 0.007140
4820, 0.007234
4830, 0.007694
4840, 0.007216
4850, 0.006339
4860, 0.007260
4870, 0.007263
4880, 0.007289
4890, 0.007423
4900, 0.007426
4910, 0.007334
4920, 0.007442
4930, 0.006793
4940, 0.007398
4950, 0.007983
4960, 0.007386
4970, 0.006583
4980, 0.007433
4990, 0.007718
5000, 0.006503
5010, 0.007586
5020, 0.007789
5030, 0.007255
5040, 0.007718
5050, 0.006991
5060, 0.007579
5070, 0.007445
5080, 0.007625
5090, 0.007917
5100, 0.007856
5110, 0.007612
5120, 0.007541
5130, 0.007743
5140, 0.007732
5150, 0.007993
5160, 0.008075
5170, 0.008436
5180, 0.006880
5190, 0.007692
5200, 0.007889
5210, 0.008866
5220, 0.009701
5230, 0.009420
5240, 0.007802
5250, 0.008165
5260, 0.008129
5270, 0.007310
5280, 0.007866
5290, 0.008196
5300, 0.007755
5310, 0.007888
5320, 0.007304
5330, 0.007223
5340, 0.008592
5350, 0.007997
5360, 0.008482
5370, 0.008219
5380, 0.008223
5390, 0.008540
5400, 0.008466
5410, 0.007671
5420, 0.008146
5430, 0.008624
5440, 0.008430
5450, 0.008368
5460, 0.008655
5470, 0.006423
5480, 0.008549
5490, 0.008292
5500, 0.008405
5510, 0.008399
5520, 0.008446
5530, 0.008756
5540, 0.008294
5550, 0.008730
5560, 0.007380
5570, 0.008643
5580, 0.008572
5590, 0.008342
5600, 0.009267
5610, 0.008748
5620, 0.008634
5630, 0.008107
5640, 0.008831
5650, 0.008809
5660, 0.008401
5670, 0.008749
5680, 0.009132
5690, 0.008478
5700, 0.008782
5710, 0.007899
5720, 0.008769
5730, 0.009148
5740, 0.007908
5750, 0.008890
5760, 0.009344
5770, 0.009371
5780, 0.009284
5790, 0.009644
5800, 0.010369
5810, 0.009956
5820, 0.008741
5830, 0.009495
5840, 0.009359
5850, 0.009094
5860, 0.008999
5870, 0.008521
5880, 0.008572
5890, 0.009598
5900, 0.009110
5910, 0.008850
5920, 0.009043
5930, 0.009944
5940, 0.009000
5950, 0.008940
5960, 0.009325
5970, 0.009344
5980, 0.009579
5990, 0.009078
6000, 0.009583
6010, 0.009105
6020, 0.008324
6030, 0.009142
6040, 0.009089
6050, 0.009106
6060, 0.009284
6070, 0.009569
6080, 0.009409
6090, 0.009710
6100, 0.009403
6110, 0.009550
6120, 0.008511
6130, 0.009287
6140, 0.009791
6150, 0.010159
6160, 0.009831
6170, 0.008233
6180, 0.010162
6190, 0.009968
6200, 0.009583
6210, 0.010056
6220, 0.009481
6230, 0.009799
6240, 0.008760
6250, 0.009875
6260, 0.008523
6270, 0.008872
6280, 0.009524
6290, 0.009853
6300, 0.009718
6310, 0.009585
6320, 0.009893
6330, 0.009693
6340, 0.010235
6350, 0.010337
6360, 0.009059
6370, 0.008839
6380, 0.009943
6390, 0.009215
6400, 0.010037
6410, 0.008695
6420, 0.010265
6430, 0.010289
6440, 0.009965
6450, 0.008934
6460, 0.008926
6470, 0.009966
6480, 0.010055
6490, 0.009155
6500, 0.010436
6510, 0.010170
6520, 0.010448
6530, 0.010227
6540, 0.011223
6550, 0.010985
6560, 0.012452
6570, 0.010106
6580, 0.010602
6590, 0.010322
6600, 0.013186
6610, 0.010443
6620, 0.010562
6630, 0.010737
6640, 0.010257
6650, 0.012997
6660, 0.011032
6670, 0.009340
6680, 0.011025
6690, 0.010974
6700, 0.010933
6710, 0.010440
6720, 0.009517
6730, 0.010355
6740, 0.010370
6750, 0.010731
6760, 0.010732
6770, 0.011446
6780, 0.010150
6790, 0.010922
6800, 0.010950
6810, 0.010825
6820, 0.010443
6830, 0.010601
6840, 0.009490
6850, 0.009588
6860, 0.011283
6870, 0.011153
6880, 0.011841
6890, 0.008245
6900, 0.011222
6910, 0.010814
6920, 0.010724
6930, 0.011342
6940, 0.011381
6950, 0.010957
6960, 0.010762
6970, 0.011498
6980, 0.011199
6990, 0.011294
7000, 0.009627
7010, 0.009622
7020, 0.010919
7030, 0.009793
7040, 0.009804
7050, 0.011833
7060, 0.011472
7070, 0.011478
7080, 0.009960
7090, 0.012957
7100, 0.011218
7110, 0.012376
7120, 0.011041
7130, 0.011117
7140, 0.011005
7150, 0.011307
7160, 0.011615
7170, 0.011026
7180, 0.011395
7190, 0.012229
7200, 0.010646
7210, 0.009917
7220, 0.011665
7230, 0.011825
7240, 0.013312
7250, 0.011428
7260, 0.011225
7270, 0.012046
7280, 0.011150
7290, 0.011384
7300, 0.011680
7310, 0.011658
7320, 0.009970
7330, 0.011981
7340, 0.012078
7350, 0.011625
7360, 0.011795
7370, 0.011878
7380, 0.011805
7390, 0.011472
7400, 0.010516
7410, 0.011381
7420, 0.011708
7430, 0.011798
7440, 0.011576
7450, 0.010213
7460, 0.011489
7470, 0.010741
7480, 0.012111
7490, 0.012081
7500, 0.011996
7510, 0.012506
7520, 0.011934
7530, 0.012155
7540, 0.011960
7550, 0.009006
7560, 0.011606
7570, 0.011226
7580, 0.011946
7590, 0.011974
7600, 0.012226
7610, 0.011905
7620, 0.011738
7630, 0.012505
7640, 0.010617
7650, 0.012300
7660, 0.012257
7670, 0.014183
7680, 0.014541
7690, 0.011617
7700, 0.014353
7710, 0.010546
7720, 0.013065
7730, 0.011036
7740, 0.013042
7750, 0.012861
7760, 0.011229
7770, 0.013802
7780, 0.011182
7790, 0.012714
7800, 0.014945
7810, 0.011566
7820, 0.012368
7830, 0.012030
7840, 0.013600
7850, 0.013193
7860, 0.013785
7870, 0.013204
7880, 0.013735
7890, 0.013503
7900, 0.014004
7910, 0.012452
7920, 0.013033
7930, 0.012911
7940, 0.011641
7950, 0.011070
7960, 0.011204
7970, 0.013095
7980, 0.010990
7990, 0.012875
8000, 0.012729
8010, 0.013959
8020, 0.014798
8030, 0.012896
8040, 0.012576
8050, 0.012484
8060, 0.013475
8070, 0.012836
8080, 0.013632
8090, 0.012337
8100, 0.014382
8110, 0.013443
8120, 0.011378
8130, 0.012985
8140, 0.011689
8150, 0.013300
8160, 0.013804
8170, 0.012947
8180, 0.013189
8190, 0.012910
8200, 0.011361
8210, 0.012660
8220, 0.011368
8230, 0.013464
8240, 0.015068
8250, 0.013411
8260, 0.012875
8270, 0.014576
8280, 0.013028
8290, 0.011996
8300, 0.012939
8310, 0.014853
8320, 0.012780
8330, 0.012717
8340, 0.012407
8350, 0.013165
8360, 0.013487
8370, 0.011973
8380, 0.014474
8390, 0.013136
8400, 0.013120
8410, 0.012034
8420, 0.013301
8430, 0.013609
8440, 0.013614
8450, 0.013982
8460, 0.013650
8470, 0.013688
8480, 0.013248
8490, 0.013170
8500, 0.013121
8510, 0.013410
8520, 0.013326
8530, 0.013451
8540, 0.013863
8550, 0.013752
8560, 0.013923
8570, 0.013815
8580, 0.013943
8590, 0.013156
8600, 0.016994
8610, 0.013629
8620, 0.014361
8630, 0.013752
8640, 0.015061
8650, 0.016462
8660, 0.014136
8670, 0.015454
8680, 0.019931
8690, 0.016023
8700, 0.016303
8710, 0.014620
8720, 0.015625
8730, 0.014199
8740, 0.015075
8750, 0.015724
8760, 0.014349
8770, 0.013916
8780, 0.014147
8790, 0.015240
8800, 0.012422
8810, 0.012705
8820, 0.014601
8830, 0.014981
8840, 0.013966
8850, 0.014047
8860, 0.011087
8870, 0.012914
8880, 0.014562
8890, 0.015003
8900, 0.015646
8910, 0.015080
8920, 0.014611
8930, 0.013998
8940, 0.014723
8950, 0.012624
8960, 0.012764
8970, 0.014390
8980, 0.014239
8990, 0.014365
9000, 0.013902
9010, 0.014373
9020, 0.016131
9030, 0.015035
9040, 0.014237
9050, 0.014545
9060, 0.014536
9070, 0.013039
9080, 0.014986
9090, 0.014377
9100, 0.012093
9110, 0.014113
9120, 0.015064
9130, 0.013066
9140, 0.013734
9150, 0.014682
9160, 0.013033
9170, 0.014260
9180, 0.015434
9190, 0.013429
9200, 0.015317
9210, 0.013535
9220, 0.014668
9230, 0.015233
9240, 0.014450
9250, 0.016674
9260, 0.013273
9270, 0.015019
9280, 0.015139
9290, 0.015417
9300, 0.015268
9310, 0.014815
9320, 0.016041
9330, 0.015386
9340, 0.015886
9350, 0.015716
9360, 0.014631
9370, 0.014868
9380, 0.015640
9390, 0.015053
9400, 0.015529
9410, 0.015472
9420, 0.015205
9430, 0.015114
9440, 0.014944
9450, 0.014145
9460, 0.016258
9470, 0.015073
9480, 0.015104
9490, 0.016718
9500, 0.013631
9510, 0.016749
9520, 0.013727
9530, 0.015351
9540, 0.015831
9550, 0.015710
9560, 0.015430
9570, 0.014294
9580, 0.015271
9590, 0.015243
9600, 0.016120
9610, 0.015676
9620, 0.016242
9630, 0.013458
9640, 0.015558
9650, 0.015209
9660, 0.011856
9670, 0.015252
9680, 0.013657
9690, 0.013820
9700, 0.015547
9710, 0.015228
9720, 0.016017
9730, 0.015656
9740, 0.016394
9750, 0.015702
9760, 0.014499
9770, 0.016649
9780, 0.014187
9790, 0.017308
9800, 0.016677
9810, 0.017470
9820, 0.016153
9830, 0.018816
9840, 0.019564
9850, 0.018452
9860, 0.017723
9870, 0.018406
9880, 0.017083
9890, 0.017178
9900, 0.017011
9910, 0.016602
9920, 0.018060
9930, 0.016996
9940, 0.016059
9950, 0.016068
9960, 0.016492
9970, 0.017786
9980, 0.017463
9990, 0.017578
10000, 0.018060
10010, 0.017838
10020, 0.013494
10030, 0.017158
10040, 0.015871
10050, 0.016365
10060, 0.016556
10070, 0.016432
10080, 0.016498
10090, 0.018185
10100, 0.016286
10110, 0.017964
10120, 0.015256
10130, 0.017461
10140, 0.012954
10150, 0.016520
10160, 0.014270
10170, 0.017539
10180, 0.016617
10190, 0.016622
10200, 0.016814
10210, 0.012763
10220, 0.016053
10230, 0.016760
10240, 0.017158
10250, 0.015078
10260, 0.017715
10270, 0.016040
10280, 0.016951
10290, 0.017073
10300, 0.016960
10310, 0.016673
10320, 0.017436
10330, 0.019140
10340, 0.018443
10350, 0.019617
10360, 0.017901
10370, 0.018756
10380, 0.018307
10390, 0.017331
10400, 0.016999
10410, 0.017999
10420, 0.017216
10430, 0.017483
10440, 0.017477
10450, 0.016370
10460, 0.017308
10470, 0.016819
10480, 0.016588
10490, 0.016638
10500, 0.019178
10510, 0.020596
10520, 0.019303
10530, 0.020381
10540, 0.018491
10550, 0.018948
10560, 0.018410
10570, 0.018849
10580, 0.018960
10590, 0.016580
10600, 0.018129
10610, 0.017809
10620, 0.017533
10630, 0.015516
10640, 0.015797
10650, 0.015075
10660, 0.017292
10670, 0.015353
10680, 0.018029
10690, 0.015534
10700, 0.015477
10710, 0.018042
10720, 0.019517
10730, 0.018672
10740, 0.020701
10750, 0.021002
10760, 0.019603
10770, 0.016058
10780, 0.018548
10790, 0.017725
10800, 0.021441
10810, 0.019568
10820, 0.020333
10830, 0.020525
10840, 0.020815
10850, 0.020237
10860, 0.018962
10870, 0.018764
10880, 0.019273
10890, 0.019579
10900, 0.020278
10910, 0.018119
10920, 0.018811
10930, 0.018544
10940, 0.017325
10950, 0.017228
10960, 0.017284
10970, 0.017215
10980, 0.017256
10990, 0.017304
11000, 0.017273
11010, 0.017310
11020, 0.017312
11030, 0.018524
11040, 0.017331
11050, 0.017567
11060, 0.017453
11070, 0.015397
11080, 0.017411
11090, 0.017497
11100, 0.017389
11110, 0.015551
11120, 0.017500
11130, 0.017474
11140, 0.017505
11150, 0.017516
11160, 0.017534
11170, 0.017606
11180, 0.015733
11190, 0.017445
11200, 0.017585
11210, 0.015981
11220, 0.017678
11230, 0.017980
11240, 0.017562
11250, 0.017558
11260, 0.017579
11270, 0.017619
11280, 0.018346
11290, 0.018245
11300, 0.020618
11310, 0.019397
11320, 0.016720
11330, 0.019995
11340, 0.019203
11350, 0.018761
11360, 0.020601
11370, 0.021522
11380, 0.022008
11390, 0.018401
11400, 0.021891
11410, 0.020764
11420, 0.019141
11430, 0.021793
11440, 0.021762
11450, 0.021294
11460, 0.021195
11470, 0.021786
11480, 0.018253
11490, 0.020695
11500, 0.019962
11510, 0.020107
11520, 0.020933
11530, 0.021644
11540, 0.020185
11550, 0.021074
11560, 0.020583
11570, 0.018708
11580, 0.018566
11590, 0.018328
11600, 0.019079
11610, 0.018374
11620, 0.022932
11630, 0.020908
11640, 0.020855
11650, 0.017429
11660, 0.024151
11670, 0.021393
11680, 0.020873
11690, 0.019282
11700, 0.021739
11710, 0.021844
11720, 0.018568
11730, 0.019679
11740, 0.021361
11750, 0.020072
11760, 0.019447
11770, 0.019431
11780, 0.020328
11790, 0.019714
11800, 0.019398
11810, 0.019394
11820, 0.019190
11830, 0.020862
11840, 0.018552
11850, 0.018482
11860, 0.019269
11870, 0.018541
11880, 0.016795
11890, 0.018795
11900, 0.018794
11910, 0.018676
11920, 0.018689
11930, 0.016929
11940, 0.016987
11950, 0.018692
11960, 0.018680
11970, 0.016724
11980, 0.018854
11990, 0.018904
12000, 0.018838
12010, 0.018753
12020, 0.016861
12030, 0.018916
12040, 0.017471
12050, 0.019004
12060, 0.018838
12070, 0.018937
12080, 0.019645
12090, 0.019017
12100, 0.019124
12110, 0.017489
12120, 0.021043
12130, 0.018913
12140, 0.019100
12150, 0.017877
12160, 0.019176
12170, 0.017327
12180, 0.019028
12190, 0.019112
12200, 0.019075
12210, 0.017401
12220, 0.017735
12230, 0.017097
12240, 0.019160
12250, 0.019204
12260, 0.019109
12270, 0.019196
12280, 0.019226
12290, 0.019189
12300, 0.019172
12310, 0.019455
12320, 0.019406
12330, 0.017538
12340, 0.019405
12350, 0.019334
12360, 0.019341
12370, 0.019466
12380, 0.017716
12390, 0.020605
12400, 0.020065
12410, 0.021174
12420, 0.018932
12430, 0.020045
12440, 0.019656
12450, 0.018464
12460, 0.021093
12470, 0.021062
12480, 0.022372
12490, 0.022872
12500, 0.023083
12510, 0.021604
12520, 0.022741
12530, 0.022382
12540, 0.022171
12550, 0.017733
12560, 0.021422
12570, 0.020388
12580, 0.018859
12590, 0.020916
12600, 0.020439
12610, 0.018674
12620, 0.020399
12630, 0.018163
12640, 0.021042
12650, 0.022055
12660, 0.019620
12670, 0.022265
12680, 0.022597
12690, 0.022600
12700, 0.020844
12710, 0.020664
12720, 0.020906
12730, 0.018488
12740, 0.023005
12750, 0.022980
12760, 0.019394
12770, 0.023837
12780, 0.023753
12790, 0.024542
12800, 0.023176
12810, 0.022381
12820, 0.023896
12830, 0.021770
12840, 0.023458
12850, 0.020139
12860, 0.021611
12870, 0.022169
12880, 0.025734
12890, 0.023086
12900, 0.025271
12910, 0.024970
12920, 0.023370
12930, 0.023252
12940, 0.022092
12950, 0.024212
12960, 0.022557
12970, 0.022577
12980, 0.024126
12990, 0.022581
13000, 0.026417
13010, 0.023479
13020, 0.024827
13030, 0.024219
13040, 0.024068
13050, 0.020458
13060, 0.023597
13070, 0.022455
13080, 0.020986
13090, 0.023407
13100, 0.021847
13110, 0.023722
13120, 0.022301
13130, 0.022847
13140, 0.023180
13150, 0.022665
13160, 0.022511
13170, 0.024156
13180, 0.025118
13190, 0.023971
13200, 0.022669
13210, 0.023023
13220, 0.023841
13230, 0.024110
13240, 0.024380
13250, 0.024112
13260, 0.023315
13270, 0.022707
13280, 0.027117
13290, 0.023826
13300, 0.024424
13310, 0.024908
13320, 0.024471
13330, 0.024854
13340, 0.024649
13350, 0.024471
13360, 0.022413
13370, 0.024016
13380, 0.028121
13390, 0.023248
13400, 0.024103
13410, 0.024569
13420, 0.024113
13430, 0.022056
13440, 0.022714
13450, 0.022706
13460, 0.024854
13470, 0.024331
13480, 0.021350
13490, 0.024277
13500, 0.025766
13510, 0.025166
13520, 0.023856
13530, 0.026710
13540, 0.024378
13550, 0.025478
13560, 0.027243
13570, 0.026979
13580, 0.026106
13590, 0.024247
13600, 0.025047
13610, 0.025245
13620, 0.025218
13630, 0.026117
13640, 0.026041
13650, 0.028247
13660, 0.025986
13670, 0.025800
13680, 0.027152
13690, 0.025112
13700, 0.028169
13710, 0.022793
13720, 0.025086
13730, 0.023826
13740, 0.025712
13750, 0.027078
13760, 0.023521
13770, 0.022932
13780, 0.025673
13790, 0.024636
13800, 0.025186
13810, 0.025089
13820, 0.022974
13830, 0.023211
13840, 0.022169
13850, 0.022108
13860, 0.022300
13870, 0.022547
13880, 0.021017
13890, 0.022162
13900, 0.022076
13910, 0.022201
13920, 0.022264
13930, 0.022259
13940, 0.022634
13950, 0.022334
13960, 0.022357
13970, 0.021224
13980, 0.022331
13990, 0.020856
14000, 0.022209
14010, 0.022290
14020, 0.022322
14030, 0.021657
14040, 0.022387
14050, 0.022422
14060, 0.022610
14070, 0.022310
14080, 0.018598
14090, 0.020011
14100, 0.020952
14110, 0.022439
14120, 0.022482
14130, 0.022506
14140, 0.022483
14150, 0.022399
14160, 0.022472
14170, 0.022549
14180, 0.022560
14190, 0.022614
14200, 0.022749
14210, 0.022535
14220, 0.023873
14230, 0.022821
14240, 0.022984
14250, 0.023313
14260, 0.025833
14270, 0.025042
14280, 0.023929
14290, 0.022001
14300, 0.021414
14310, 0.023944
14320, 0.024024
14330, 0.024920
14340, 0.027248
14350, 0.027839
14360, 0.024032
14370, 0.026154
14380, 0.025440
14390, 0.023397
14400, 0.024206
14410, 0.024437
14420, 0.023028
14430, 0.021061
14440, 0.023555
14450, 0.023916
14460, 0.025396
14470, 0.023083
14480, 0.024901
14490, 0.022839
14500, 0.023907
14510, 0.023798
14520, 0.024472
14530, 0.024806
14540, 0.024226
14550, 0.024494
14560, 0.025650
14570, 0.025460
14580, 0.023911
14590, 0.024385
14600, 0.023709
14610, 0.024313
14620, 0.025223
14630, 0.024150
14640, 0.026086
14650, 0.024378
14660, 0.023823
14670, 0.024390
14680, 0.025476
14690, 0.025742
14700, 0.024719
14710, 0.024082
14720, 0.024351
14730, 0.024289
14740, 0.023992
14750, 0.023108
14760, 0.024744
14770, 0.023524
14780, 0.025328
14790, 0.025395
14800, 0.024657
14810, 0.024474
14820, 0.024990
14830, 0.024918
14840, 0.023660
14850, 0.024907
14860, 0.024993
14870, 0.024320
14880, 0.023468
14890, 0.024360
14900, 0.025031
14910, 0.022011
14920, 0.025281
14930, 0.026463
14940, 0.024998
14950, 0.025232
14960, 0.023145
14970, 0.022199
14980, 0.024952
14990, 0.025422
15000, 0.025380
15010, 0.024722
15020, 0.025653
15030, 0.023573
15040, 0.025865
15050, 0.025355
15060, 0.024718
15070, 0.024383
15080, 0.026027
15090, 0.025012
15100, 0.025267
15110, 0.020128
15120, 0.023047
15130, 0.025339
15140, 0.025747
15150, 0.026055
15160, 0.026564
15170, 0.026129
15180, 0.024934
15190, 0.025817
15200, 0.025609
15210, 0.025264
15220, 0.026230
15230, 0.025795
15240, 0.025231
15250, 0.025485
15260, 0.025156
15270, 0.025674
15280, 0.025540
15290, 0.026901
15300, 0.025571
15310, 0.027103
15320, 0.024907
15330, 0.025224
15340, 0.023454
15350, 0.027558
15360, 0.026005
15370, 0.025425
15380, 0.025404
15390, 0.025359
15400, 0.027669
15410, 0.025512
15420, 0.025366
15430, 0.026351
15440, 0.026012
15450, 0.025810
15460, 0.025054
15470, 0.025634
15480, 0.022936
15490, 0.026938
15500, 0.025803
15510, 0.025736
15520, 0.026819
15530, 0.025534
15540, 0.024144
15550, 0.025884
15560, 0.025984
15570, 0.026989
15580, 0.024361
15590, 0.023355
15600, 0.027164
15610, 0.026245
15620, 0.025897
15630, 0.027067
15640, 0.026542
15650, 0.026232
15660, 0.025918
15670, 0.025206
15680, 0.026862
15690, 0.026766
15700, 0.026646
15710, 0.026092
15720, 0.029466
15730, 0.026262
15740, 0.022937
15750, 0.026892
15760, 0.025927
15770, 0.026246
15780, 0.024468
15790, 0.026938
15800, 0.023381
15810, 0.026416
15820, 0.022847
15830, 0.025863
15840, 0.026190
15850, 0.026152
15860, 0.024543
15870, 0.025882
15880, 0.023001
15890, 0.026888
15900, 0.025299
15910, 0.024887
15920, 0.025854
15930, 0.023032
15940, 0.025752
15950, 0.025789
15960, 0.025790
15970, 0.026741
15980, 0.023452
15990, 0.026668
16000, 0.027738
16010, 0.027149
16020, 0.026760
16030, 0.026694
16040, 0.028313
16050, 0.024048
16060, 0.028151
16070, 0.026569
16080, 0.027420
16090, 0.024688
16100, 0.029666
16110, 0.026617
16120, 0.024583
16130, 0.023853
16140, 0.029102
16150, 0.027354
16160, 0.025283
16170, 0.027645
16180, 0.027397
16190, 0.027647
16200, 0.028564
16210, 0.027463
16220, 0.023678
16230, 0.027711
16240, 0.026977
16250, 0.026775
16260, 0.025791
16270, 0.024416
16280, 0.026967
16290, 0.027821
16300, 0.026406
16310, 0.027973
16320, 0.026707
16330, 0.027690
16340, 0.026113
16350, 0.027389
16360, 0.026670
16370, 0.027139
16380, 0.026765
16390, 0.027112
16400, 0.027534
16410, 0.029139
16420, 0.027675
16430, 0.027143
16440, 0.027390
16450, 0.027572
16460, 0.027450
16470, 0.027899
16480, 0.027584
16490, 0.027906
16500, 0.028605
16510, 0.028408
16520, 0.029000
16530, 0.028803
16540, 0.029984
16550, 0.027396
16560, 0.024809
16570, 0.027379
16580, 0.026945
16590, 0.027285
16600, 0.027862
16610, 0.028243
16620, 0.028785
16630, 0.027684
16640, 0.025626
16650, 0.024743
16660, 0.028607
16670, 0.028877
16680, 0.028330
16690, 0.027972
16700, 0.028499
16710, 0.027298
16720, 0.028235
16730, 0.029027
16740, 0.028587
16750, 0.028346
16760, 0.028086
16770, 0.027424
16780, 0.029559
16790, 0.028065
16800, 0.025517
16810, 0.028598
16820, 0.030103
16830, 0.027404
16840, 0.027982
16850, 0.028614
16860, 0.026834
16870, 0.027009
16880, 0.025573
16890, 0.028922
16900, 0.028629
16910, 0.029442
16920, 0.029214
16930, 0.028742
16940, 0.028281
16950, 0.029147
16960, 0.028692
16970, 0.028355
16980, 0.029011
16990, 0.029396
17000, 0.028589
17010, 0.027988
17020, 0.026620
17030, 0.029378
17040, 0.028787
17050, 0.028907
17060, 0.026359
17070, 0.023858
17080, 0.028934
17090, 0.028327
17100, 0.028736
17110, 0.029117
17120, 0.030049
17130, 0.029134
17140, 0.029249
17150, 0.029274
17160, 0.029937
17170, 0.028108
17180, 0.028900
17190, 0.030239
17200, 0.029402
17210, 0.030050
17220, 0.027919
17230, 0.029418
17240, 0.028653
17250, 0.026758
17260, 0.029100
17270, 0.028775
17280, 0.030295
17290, 0.029551
17300, 0.029354
17310, 0.027309
17320, 0.029630
17330, 0.031096
17340, 0.030619
17350, 0.029879
17360, 0.032849
17370, 0.032211
17380, 0.033045
17390, 0.033282
17400, 0.031364
17410, 0.031953
17420, 0.032195
17430, 0.029264
17440, 0.029338
17450, 0.029939
17460, 0.030566
17470, 0.029394
17480, 0.029259
17490, 0.029999
17500, 0.027741
17510, 0.026387
17520, 0.031457
17530, 0.031160
17540, 0.035496
17550, 0.032189
17560, 0.030191
17570, 0.030570
17580, 0.029018
17590, 0.029128
17600, 0.030200
17610, 0.029873
17620, 0.029649
17630, 0.031984
17640, 0.027930
17650, 0.031921
17660, 0.036598
17670, 0.029947
17680, 0.028942
17690, 0.028996
17700, 0.028892
17710, 0.028926
17720, 0.028166
17730, 0.029165
17740, 0.028964
17750, 0.028974
17760, 0.029459
17770, 0.027440
17780, 0.029462
17790, 0.029160
17800, 0.028546
17810, 0.030690
17820, 0.030993
17830, 0.029124
17840, 0.026622
17850, 0.029425
17860, 0.028348
17870, 0.028518
17880, 0.029213
17890, 0.028340
17900, 0.028510
17910, 0.026676
17920, 0.030188
17930, 0.029199
17940, 0.029544
17950, 0.026675
17960, 0.031831
17970, 0.030392
17980, 0.030783
17990, 0.031038
18000, 0.030646
18010, 0.030858
18020, 0.031183
18030, 0.030317
18040, 0.031386
18050, 0.031078
18060, 0.031069
18070, 0.030531
18080, 0.030536
18090, 0.028508
18100, 0.030044
18110, 0.032138
18120, 0.031111
18130, 0.031123
18140, 0.031255
18150, 0.030877
18160, 0.030536
18170, 0.030627
18180, 0.031534
18190, 0.030724
18200, 0.030882
18210, 0.030336
18220, 0.030550
18230, 0.031890
18240, 0.031128
18250, 0.030868
18260, 0.030798
18270, 0.030903
18280, 0.033913
18290, 0.028367
18300, 0.031985
18310, 0.031075
18320, 0.033488
18330, 0.031107
18340, 0.031460
18350, 0.030960
18360, 0.030988
18370, 0.030605
18380, 0.030745
18390, 0.032273
18400, 0.030594
18410, 0.031256
18420, 0.031978
18430, 0.030261
18440, 0.031918
18450, 0.030601
18460, 0.031641
18470, 0.032063
18480, 0.030984
18490, 0.031150
18500, 0.031078
18510, 0.031857
18520, 0.031850
18530, 0.032427
18540, 0.030952
18550, 0.031316
18560, 0.031073
18570, 0.031248
18580, 0.030710
18590, 0.030590
18600, 0.029322
18610, 0.031810
18620, 0.032218
18630, 0.029725
18640, 0.031909
18650, 0.032206
18660, 0.030800
18670, 0.030420
18680, 0.030958
18690, 0.032009
18700, 0.031321
18710, 0.031575
18720, 0.027356
18730, 0.032043
18740, 0.029940
18750, 0.037837
18760, 0.035490
18770, 0.035116
18780, 0.035844
18790, 0.036141
18800, 0.038209
18810, 0.038253
18820, 0.038320
18830, 0.036402
18840, 0.038069
18850, 0.037643
18860, 0.037066
18870, 0.038668
18880, 0.035793
18890, 0.034243
18900, 0.033288
18910, 0.030416
18920, 0.030280
18930, 0.035364
18940, 0.032252
18950, 0.032107
18960, 0.030758
18970, 0.030987
18980, 0.030929
18990, 0.031050
19000, 0.030291
19010, 0.031015
19020, 0.028523
19030, 0.028629
19040, 0.031335
19050, 0.031354
19060, 0.032675
19070, 0.031214
19080, 0.031636
19090, 0.031338
19100, 0.032388
19110, 0.030610
19120, 0.031879
19130, 0.032519
19140, 0.032289
19150, 0.033556
19160, 0.034736
19170, 0.032667
19180, 0.033957
19190, 0.032813
19200, 0.036575
19210, 0.039020
19220, 0.040375
19230, 0.039535
19240, 0.036953
19250, 0.038454
19260, 0.033487
19270, 0.035540
19280, 0.034198
19290, 0.036228
19300, 0.032829
19310, 0.034216
19320, 0.032739
19330, 0.034585
19340, 0.034830
19350, 0.032653
19360, 0.033827
19370, 0.031101
19380, 0.034965
19390, 0.033117
19400, 0.030828
19410, 0.035365
19420, 0.032819
19430, 0.034173
19440, 0.034066
19450, 0.034117
19460, 0.034214
19470, 0.036515
19480, 0.033359
19490, 0.034555
19500, 0.036320
19510, 0.033519
19520, 0.037428
19530, 0.032573
19540, 0.033719
19550, 0.033747
19560, 0.035617
19570, 0.031530
19580, 0.035341
19590, 0.032916
19600, 0.033375
19610, 0.030796
19620, 0.034434
19630, 0.033368
19640, 0.032634
19650, 0.034141
19660, 0.033590
19670, 0.034386
19680, 0.034860
19690, 0.033033
19700, 0.034354
19710, 0.032989
19720, 0.033006
19730, 0.033331
19740, 0.032890
19750, 0.033212
19760, 0.032959
19770, 0.032947
19780, 0.033660
19790, 0.035451
19800, 0.038034
19810, 0.034487
19820, 0.036376
19830, 0.035301
19840, 0.034452
19850, 0.032804
19860, 0.032529
19870, 0.032633
19880, 0.033030
19890, 0.033116
19900, 0.032909
19910, 0.033417
19920, 0.030363
19930, 0.032888
19940, 0.033173
19950, 0.035358
19960, 0.035026
19970, 0.035506
19980, 0.037361
19990, 0.036676
20000, 0.038144
20010, 0.036650
20020, 0.036860
20030, 0.034746
20040, 0.034274
20050, 0.033484
20060, 0.034939
20070, 0.034088
20080, 0.033651
20090, 0.033261
20100, 0.033359
20110, 0.035624
20120, 0.035527
20130, 0.031424
20140, 0.033732
20150, 0.033294
20160, 0.034202
20170, 0.033814
20180, 0.035948
20190, 0.032809
20200, 0.031204
20210, 0.036516
20220, 0.034241
20230, 0.034669
20240, 0.033363
20250, 0.038555
20260, 0.040292
20270, 0.035533
20280, 0.037981
20290, 0.030782
20300, 0.034767
20310, 0.034840
20320, 0.035403
20330, 0.035793
20340, 0.040027
20350, 0.035217
20360, 0.034709
20370, 0.037091
20380, 0.036000
20390, 0.040486
20400, 0.034113
20410, 0.035430
20420, 0.034221
20430, 0.035082
20440, 0.034066
20450, 0.034739
20460, 0.032503
20470, 0.035161
20480, 0.037113
20490, 0.035267
20500, 0.034378
20510, 0.035102
20520, 0.034108
20530, 0.038620
20540, 0.035046
20550, 0.034741
20560, 0.036284
20570, 0.038042
20580, 0.041496
20590, 0.038713
20600, 0.040097
20610, 0.036585
20620, 0.039389
20630, 0.038809
20640, 0.033883
20650, 0.033776
20660, 0.034241
20670, 0.034014
20680, 0.032164
20690, 0.036745
20700, 0.033020
20710, 0.038234
20720, 0.040785
20730, 0.043283
20740, 0.040902
20750, 0.037635
20760, 0.038126
20770, 0.034989
20780, 0.034153
20790, 0.033825
20800, 0.034858
20810, 0.039979
20820, 0.035367
20830, 0.044174
20840, 0.038821
20850, 0.038651
20860, 0.044743
20870, 0.045127
20880, 0.038792
20890, 0.037946
20900, 0.038859
20910, 0.038350
20920, 0.046955
20930, 0.043429
20940, 0.041087
20950, 0.046279
20960, 0.044690
20970, 0.040501
20980, 0.044244
20990, 0.044389
21000, 0.043969
21010, 0.044200
21020, 0.042993
21030, 0.037739
21040, 0.041325
21050, 0.038541
21060, 0.044053
21070, 0.036723
21080, 0.034742
21090, 0.034553
21100, 0.034826
21110, 0.034871
21120, 0.034914
21130, 0.035206
21140, 0.032316
21150, 0.034921
21160, 0.034841
21170, 0.032559
21180, 0.034990
21190, 0.035797
21200, 0.034766
21210, 0.034921
21220, 0.035039
21230, 0.032678
21240, 0.030882
21250, 0.034993
21260, 0.036098
21270, 0.036147
21280, 0.035209
21290, 0.035394
21300, 0.033452
21310, 0.035590
21320, 0.036738
21330, 0.036232
21340, 0.039143
21350, 0.039083
21360, 0.038725
21370, 0.039566
21380, 0.040000
21390, 0.044830
21400, 0.046329
21410, 0.045104
21420, 0.040369
21430, 0.046142
21440, 0.048773
21450, 0.045853
21460, 0.045111
21470, 0.044998
21480, 0.045167
21490, 0.043273
21500, 0.043913
21510, 0.039127
21520, 0.039651
21530, 0.038374
21540, 0.037552
21550, 0.033421
21560, 0.035867
21570, 0.033736
21580, 0.035744
21590, 0.033404
21600, 0.035689
21610, 0.035757
21620, 0.036115
21630, 0.035778
21640, 0.035765
21650, 0.035811
21660, 0.033583
21670, 0.037564
21680, 0.035647
21690, 0.033550
21700, 0.035943
21710, 0.035959
21720, 0.035919
21730, 0.035762
21740, 0.036028
21750, 0.035977
21760, 0.036010
21770, 0.034033
21780, 0.034022
21790, 0.036497
21800, 0.036897
21810, 0.036068
21820, 0.035869
21830, 0.037419
21840, 0.036350
21850, 0.036376
21860, 0.036412
21870, 0.034147
21880, 0.034000
21890, 0.037059
21900, 0.036303
21910, 0.034374
21920, 0.036254
21930, 0.036288
21940, 0.036597
21950, 0.034060
21960, 0.036298
21970, 0.036346
21980, 0.036370
21990, 0.036285
22000, 0.036350
22010, 0.036453
22020, 0.036543
22030, 0.036400
22040, 0.032047
22050, 0.034093
22060, 0.034200
22070, 0.036498
22080, 0.036695
22090, 0.036793
22100, 0.036480
22110, 0.038018
22120, 0.040030
22130, 0.040073
22140, 0.041033
22150, 0.035134
22160, 0.040333
22170, 0.040071
22180, 0.043133
22190, 0.039101
22200, 0.043648
22210, 0.043822
22220, 0.048700
22230, 0.047017
22240, 0.042481
22250, 0.046517
22260, 0.047088
22270, 0.041080
22280, 0.039727
22290, 0.037607
22300, 0.038937
22310, 0.040977
22320, 0.038686
22330, 0.038572
22340, 0.040324
22350, 0.041856
22360, 0.039723
22370, 0.040754
22380, 0.042610
22390, 0.040301
22400, 0.041494
22410, 0.039884
22420, 0.040618
22430, 0.036508
22440, 0.039463
22450, 0.038723
22460, 0.039374
22470, 0.041803
22480, 0.041279
22490, 0.041356
22500, 0.036736
22510, 0.040513
22520, 0.039608
22530, 0.040364
22540, 0.042454
22550, 0.039748
22560, 0.039666
22570, 0.038312
22580, 0.039897
22590, 0.040143
22600, 0.040205
22610, 0.041070
22620, 0.043059
22630, 0.040254
22640, 0.039556
22650, 0.042611
22660, 0.041224
22670, 0.040617
22680, 0.040168
22690, 0.041173
22700, 0.042216
22710, 0.041742
22720, 0.040433
22730, 0.041655
22740, 0.042249
22750, 0.039224
22760, 0.037167
22770, 0.039106
22780, 0.039217
22790, 0.038450
22800, 0.041056
22810, 0.040015
22820, 0.043208
22830, 0.040504
22840, 0.040052
22850, 0.043090
22860, 0.042947
22870, 0.042399
22880, 0.040236
22890, 0.040717
22900, 0.040749
22910, 0.042395
22920, 0.042143
22930, 0.040972
22940, 0.040146
22950, 0.043955
22960, 0.039513
22970, 0.040937
22980, 0.040772
22990, 0.042104
23000, 0.042045
23010, 0.043215
23020, 0.042011
23030, 0.039773
23040, 0.041191
23050, 0.041991
23060, 0.041097
23070, 0.040067
23080, 0.040544
23090, 0.040678
23100, 0.044902
23110, 0.040192
23120, 0.040199
23130, 0.041997
23140, 0.042874
23150, 0.038620
23160, 0.044708
23170, 0.040793
23180, 0.040085
23190, 0.043248
23200, 0.041099
23210, 0.043176
23220, 0.042633
23230, 0.043922
23240, 0.043467
23250, 0.053061
23260, 0.049908
23270, 0.041413
23280, 0.039977
23290, 0.042978
23300, 0.039986
23310, 0.041242
23320, 0.039154
23330, 0.044588
23340, 0.046747
23350, 0.041035
23360, 0.040537
23370, 0.040141
23380, 0.043468
23390, 0.040272
23400, 0.044297
23410, 0.041204
23420, 0.042242
23430, 0.042081
23440, 0.040908
23450, 0.040370
23460, 0.041209
23470, 0.039360
23480, 0.043533
23490, 0.042220
23500, 0.039692
23510, 0.041562
23520, 0.039897
23530, 0.038997
23540, 0.039460
23550, 0.039660
23560, 0.048473
23570, 0.041614
23580, 0.045147
23590, 0.048594
23600, 0.046379
23610, 0.048559
23620, 0.044167
23630, 0.048455
23640, 0.045723
23650, 0.048759
23660, 0.048118
23670, 0.042682
23680, 0.041677
23690, 0.041640
23700, 0.042361
23710, 0.047575
23720, 0.048740
23730, 0.043861
23740, 0.044077
23750, 0.046654
23760, 0.046261
23770, 0.043852
23780, 0.043404
23790, 0.049159
23800, 0.046413
23810, 0.041784
23820, 0.042819
23830, 0.047345
23840, 0.042990
23850, 0.041185
23860, 0.044807
23870, 0.043572
23880, 0.044111
23890, 0.047106
23900, 0.039806
23910, 0.040144
23920, 0.039642
23930, 0.039971
23940, 0.040342
23950, 0.040366
23960, 0.039411
23970, 0.040132
23980, 0.040531
23990, 0.043194
24000, 0.045773
24010, 0.041959
24020, 0.041272
24030, 0.040714
24040, 0.041492
24050, 0.043261
24060, 0.041902
24070, 0.040522
24080, 0.040400
24090, 0.041083
24100, 0.041788
24110, 0.044691
24120, 0.043933
24130, 0.045681
24140, 0.044238
24150, 0.043066
24160, 0.046145
24170, 0.047907
24180, 0.044548
24190, 0.041759
24200, 0.045589
24210, 0.043831
24220, 0.042617
24230, 0.043162
24240, 0.040757
24250, 0.041611
24260, 0.043310
24270, 0.041010
24280, 0.043235
24290, 0.047027
24300, 0.042236
24310, 0.044047
24320, 0.042998
24330, 0.041556
24340, 0.042218
24350, 0.042151
24360, 0.041562
24370, 0.042271
24380, 0.047733
24390, 0.055604
24400, 0.055923
24410, 0.059276
24420, 0.045912
24430, 0.051045
24440, 0.047649
24450, 0.046964
24460, 0.050124
24470, 0.048981
24480, 0.041253
24490, 0.040379
24500, 0.038596
24510, 0.041645
24520, 0.040961
24530, 0.040362
24540, 0.040683
24550, 0.040337
24560, 0.040548
24570, 0.040821
24580, 0.041534
24590, 0.040850
24600, 0.040822
24610, 0.043030
24620, 0.042602
24630, 0.039580
24640, 0.041714
24650, 0.042470
24660, 0.043018
24670, 0.039201
24680, 0.042053
24690, 0.041316
24700, 0.041678
24710, 0.039652
24720, 0.040189
24730, 0.040724
24740, 0.041661
24750, 0.042164
24760, 0.041735
24770, 0.042150
24780, 0.040039
24790, 0.042202
24800, 0.041615
24810, 0.041397
24820, 0.041809
24830, 0.042345
24840, 0.041338
24850, 0.042110
24860, 0.038054
24870, 0.041171
24880, 0.041221
24890, 0.041394
24900, 0.042950
24910, 0.041624
24920, 0.043011
24930, 0.041518
24940, 0.042572
24950, 0.050428
24960, 0.045785
24970, 0.045796
24980, 0.043624
24990, 0.044201
25000, 0.048336
25010, 0.051793
25020, 0.042958
25030, 0.046210
25040, 0.045779
25050, 0.046220
25060, 0.049490
25070, 0.044408
25080, 0.046704
25090, 0.043917
25100, 0.044252
25110, 0.041884
25120, 0.041812
25130, 0.044532
25140, 0.053491
25150, 0.046375
25160, 0.046520
25170, 0.045720
25180, 0.046000
25190, 0.045843
25200, 0.043229
25210, 0.045251
25220, 0.044368
25230, 0.044794
25240, 0.044979
25250, 0.046053
25260, 0.045723
25270, 0.044369
25280, 0.049407
25290, 0.045814
25300, 0.046979
25310, 0.044647
25320, 0.044907
25330, 0.045773
25340, 0.042767
25350, 0.044156
25360, 0.048411
25370, 0.046225
25380, 0.050054
25390, 0.045720
25400, 0.042823
25410, 0.045440
25420, 0.045728
25430, 0.046739
25440, 0.047494
25450, 0.040860
25460, 0.045183
25470, 0.043919
25480, 0.042780
25490, 0.046569
25500, 0.044245
25510, 0.046957
25520, 0.046576
25530, 0.043413
25540, 0.045548
25550, 0.048341
25560, 0.045708
25570, 0.045279
25580, 0.048100
25590, 0.044056
25600, 0.045133
25610, 0.046884
25620, 0.045729
25630, 0.044282
25640, 0.044411
25650, 0.043169
25660, 0.046443
25670, 0.046288
25680, 0.044316
25690, 0.043900
25700, 0.044923
25710, 0.044237
25720, 0.044863
25730, 0.048478
25740, 0.045189
25750, 0.044692
25760, 0.051216
25770, 0.047184
25780, 0.049219
25790, 0.046680
25800, 0.051918
25810, 0.048153
25820, 0.048219
25830, 0.050343
25840, 0.046688
25850, 0.049533
25860, 0.054062
25870, 0.048633
25880, 0.055962
25890, 0.047393
25900, 0.047512
25910, 0.048511
25920, 0.053977
25930, 0.055174
25940, 0.049095
25950, 0.047924
25960, 0.048543
25970, 0.050771
25980, 0.048212
25990, 0.051358
26000, 0.048812
26010, 0.049772
26020, 0.046843
26030, 0.050729
26040, 0.050681
26050, 0.049937
26060, 0.046241
26070, 0.051689
26080, 0.045059
26090, 0.048908
26100, 0.052081
26110, 0.048382
26120, 0.046820
26130, 0.048903
26140, 0.049555
26150, 0.048753
26160, 0.048943
26170, 0.047127
26180, 0.047566
26190, 0.053961
26200, 0.052661
26210, 0.048837
26220, 0.051334
26230, 0.049173
26240, 0.044441
26250, 0.047503
26260, 0.052130
26270, 0.051193
26280, 0.049830
26290, 0.046341
26300, 0.043755
26310, 0.049828
26320, 0.048686
26330, 0.048690
26340, 0.046615
26350, 0.048439
26360, 0.054891
26370, 0.060795
26380, 0.057971
26390, 0.055749
26400, 0.045677
26410, 0.050259
26420, 0.050859
26430, 0.050326
26440, 0.046007
26450, 0.047060
26460, 0.048285
26470, 0.044346
26480, 0.044146
26490, 0.044220
26500, 0.044302
26510, 0.044294
26520, 0.043991
26530, 0.044180
26540, 0.044266
26550, 0.044796
26560, 0.044369
26570, 0.044231
26580, 0.044563
26590, 0.044416
26600, 0.044211
26610, 0.044334
26620, 0.044573
26630, 0.042650
26640, 0.042586
26650, 0.044425
26660, 0.044544
26670, 0.044505
26680, 0.044569
26690, 0.044439
26700, 0.044687
26710, 0.044765
26720, 0.044647
26730, 0.042675
26740, 0.045378
26750, 0.044842
26760, 0.044767
26770, 0.044784
26780, 0.044828
26790, 0.045385
26800, 0.044868
26810, 0.043050
26820, 0.046581
26830, 0.043015
26840, 0.045862
26850, 0.044896
26860, 0.045315
26870, 0.045143
26880, 0.046926
26890, 0.047188
26900, 0.046664
26910, 0.045354
26920, 0.045338
26930, 0.043231
26940, 0.043764
26950, 0.045592
26960, 0.046165
26970, 0.045136
26980, 0.045149
26990, 0.041499
27000, 0.043349
27010, 0.045246
27020, 0.045696
27030, 0.045689
27040, 0.045328
27050, 0.045409
27060, 0.045329
27070, 0.045374
27080, 0.045401
27090, 0.045321
27100, 0.045381
27110, 0.045413
27120, 0.045429
27130, 0.045508
27140, 0.046497
27150, 0.045539
27160, 0.045537
27170, 0.045538
27180, 0.045546
27190, 0.046489
27200, 0.045557
27210, 0.045492
27220, 0.045868
27230, 0.045532
27240, 0.045617
27250, 0.045574
27260, 0.045701
27270, 0.043866
27280, 0.045736
27290, 0.045734
27300, 0.045815
27310, 0.045901
27320, 0.045864
27330, 0.042219
27340, 0.045889
27350, 0.046182
27360, 0.046025
27370, 0.045941
27380, 0.045921
27390, 0.045914
27400, 0.046074
27410, 0.044039
27420, 0.045978
27430, 0.045991
27440, 0.045923
27450, 0.045949
27460, 0.045996
27470, 0.046107
27480, 0.046341
27490, 0.046306
27500, 0.046200
27510, 0.045991
27520, 0.046166
27530, 0.044421
27540, 0.046135
27550, 0.046229
27560, 0.046218
27570, 0.046325
27580, 0.046162
27590, 0.046180
27600, 0.046468
27610, 0.044578
27620, 0.046274
27630, 0.046250
27640, 0.046275
27650, 0.046510
27660, 0.046402
27670, 0.046417
27680, 0.046478
27690, 0.044719
27700, 0.046505
27710, 0.046426
27720, 0.046875
27730, 0.046436
27740, 0.044688
27750, 0.046536
27760, 0.046568
27770, 0.044777
27780, 0.046500
27790, 0.046592
27800, 0.046655
27810, 0.046563
27820, 0.046688
27830, 0.046667
27840, 0.046659
27850, 0.046638
27860, 0.046727
27870, 0.046688
27880, 0.046770
27890, 0.046717
27900, 0.047095
27910, 0.048848
27920, 0.046784
27930, 0.046815
27940, 0.047152
27950, 0.046893
27960, 0.046821
27970, 0.046844
27980, 0.046871
27990, 0.045080
28000, 0.046981
28010, 0.046929
28020, 0.046975
28030, 0.047073
28040, 0.046980
28050, 0.045217
28060, 0.047198
28070, 0.046994
28080, 0.046998
28090, 0.046975
28100, 0.047058
28110, 0.047042
28120, 0.047145
28130, 0.047073
28140, 0.047196
28150, 0.045360
28160, 0.047148
28170, 0.047218
28180, 0.047252
28190, 0.047163
28200, 0.045484
28210, 0.047136
28220, 0.047835
28230, 0.047168
28240, 0.047257
28250, 0.047258
28260, 0.047352
28270, 0.043320
28280, 0.047419
28290, 0.047393
28300, 0.047734
28310, 0.047352
28320, 0.047315
28330, 0.047250
28340, 0.047465
28350, 0.045688
28360, 0.047580
28370, 0.047431
28380, 0.047491
28390, 0.047397
28400, 0.047523
28410, 0.047476
28420, 0.047586
28430, 0.047462
28440, 0.047505
28450, 0.047747
28460, 0.047632
28470, 0.047594
28480, 0.047672
28490, 0.050110
28500, 0.047682
28510, 0.047610
28520, 0.047638
28530, 0.047679
28540, 0.045808
28550, 0.047792
28560, 0.045856
28570, 0.047694
28580, 0.047675
28590, 0.045941
28600, 0.047946
28610, 0.047696
28620, 0.047717
28630, 0.047798
28640, 0.047810
28650, 0.047717
28660, 0.047794
28670, 0.047745
28680, 0.046217
28690, 0.046164
28700, 0.047850
28710, 0.047801
28720, 0.047890
28730, 0.046251
28740, 0.047914
28750, 0.048075
28760, 0.048005
28770, 0.048538
28780, 0.046442
28790, 0.046316
28800, 0.046710
28810, 0.048142
28820, 0.047993
28830, 0.048194
28840, 0.048287
28850, 0.048189
288